country_code	name	2020-2025	2025-2030	2030-2035	2035-2040	2040-2045	2045-2050	2050-2055	2055-2060	2060-2065	2065-2070	2070-2075	2075-2080	2080-2085	2085-2090	2090-2095	2095-2100
900	World	75.2854	75.9556	76.6194	77.2206	77.7772	78.3047	78.7996	79.2376	79.6743	80.1003	80.5141	80.9112	81.3007	81.7179	82.103	82.5004
947	Sub-Saharan Africa	63.5195	64.8099	66.0205	67.1123	68.1269	69.0701	69.9486	70.7809	71.5378	72.2347	72.8956	73.5238	74.1221	74.7044	75.2528	75.7978
1833	Northern Africa and Western Asia	76.2716	76.9541	77.6417	78.2328	78.8216	79.3614	79.8694	80.3463	80.7763	81.2234	81.6204	82.0493	82.4792	82.9001	83.3012	83.7166
921	Central and Southern Asia	71.2629	71.9033	72.6268	73.3617	74.024	74.6973	75.2817	75.8002	76.3895	76.9012	77.4461	77.9955	78.461	78.9398	79.442	79.8894
1832	Eastern and South-Eastern Asia	79.1552	79.4716	79.8693	80.2929	80.7334	81.1637	81.5799	82.0242	82.4798	82.9671	83.4191	83.8559	84.3094	84.7934	85.2273	85.6721
1830	Latin America and the Caribbean	78.8669	79.5002	80.1982	80.8	81.3947	81.9644	82.5095	83.0417	83.567	84.0711	84.5744	85.092	85.6099	86.0952	86.5891	87.0687
927	Australia/New Zealand	84.8407	85.1063	85.4582	85.8261	86.1796	86.5516	87.012	87.4157	87.8351	88.2874	88.7317	89.1841	89.6132	90.0407	90.5089	90.8521
1835	Oceania (excluding Australia and New Zealand)	68.0138	68.3891	68.9554	69.4728	69.8898	70.3312	70.748	71.144	71.5232	71.9325	72.3924	72.7471	73.1523	73.6068	74.0417	74.435
1829	Europe and Northern America	81.7726	82.2726	82.8781	83.379	83.8902	84.401	84.8665	85.3241	85.8012	86.2658	86.7679	87.2424	87.7172	88.1728	88.6202	89.0716
903	Africa	65.5743	66.7714	67.9089	68.9346	69.8865	70.7582	71.5771	72.313	73.0092	73.6384	74.2054	74.7673	75.3086	75.8274	76.3371	76.862
935	Asia	75.9281	76.5539	77.172	77.741	78.2963	78.8126	79.3063	79.747	80.2108	80.6448	81.0783	81.5279	81.9907	82.4812	82.959	83.45
908	Europe	82.0013	82.5163	83.0727	83.5971	84.1243	84.6608	85.1704	85.6715	86.1576	86.6848	87.2214	87.79	88.3144	88.7927	89.2493	89.7351
904	Latin America and the Caribbean	78.8669	79.5002	80.1982	80.8	81.3947	81.9644	82.5095	83.0417	83.567	84.0711	84.5744	85.092	85.6099	86.0952	86.5891	87.0687
905	Northern America	81.0823	81.2741	81.9026	82.2887	82.6576	83.0743	83.4481	83.805	84.2033	84.6525	85.0319	85.3801	85.74	86.1942	86.6101	87.0295
909	Oceania	80.5457	80.8886	81.2418	81.5963	81.9278	82.2553	82.6106	82.926	83.2705	83.6127	83.9511	84.3378	84.6837	85.0979	85.5388	85.873
901	More developed regions	82.5159	83.0096	83.5995	84.0867	84.5915	85.0795	85.5482	85.9957	86.4713	86.9369	87.4215	87.901	88.3732	88.8217	89.2645	89.7239
902	Less developed regions	73.5316	74.2981	75.051	75.7524	76.391	76.988	77.5398	78.0358	78.5025	78.9708	79.3939	79.8107	80.2001	80.6293	81.0119	81.4014
941	Least developed countries	67.6875	68.8884	69.9901	70.9861	71.9348	72.8144	73.6018	74.322	74.9897	75.5761	76.1188	76.6501	77.1593	77.6274	78.0895	78.5524
934	Less developed regions, excluding least developed countries	74.6654	75.3234	75.9843	76.611	77.1548	77.7066	78.2136	78.646	79.1073	79.5583	79.9839	80.3832	80.783	81.2011	81.5952	81.9801
948	Less developed regions, excluding China	71.9502	72.7933	73.6437	74.414	75.1165	75.807	76.3798	76.9201	77.4348	77.9399	78.4105	78.8496	79.2704	79.6895	80.1066	80.5483
1636	Land-locked Developing Countries (LLDC)	68.4811	69.6014	70.632	71.58	72.4379	73.2203	73.8993	74.5651	75.1839	75.7503	76.2736	76.7903	77.2853	77.7985	78.2547	78.7099
1637	Small Island Developing States (SIDS)	74.9643	75.6667	76.3649	76.9429	77.4362	77.8876	78.2792	78.6331	78.9757	79.3119	79.6544	79.9997	80.3297	80.6315	80.9607	81.2847
1503	High-income countries	83.6873	84.1464	84.7278	85.1861	85.6355	86.0849	86.5276	86.961	87.3855	87.8381	88.2633	88.7011	89.1421	89.5759	90.0141	90.4701
1517	Middle-income countries	74.2936	74.9645	75.64	76.2792	76.8592	77.417	77.9576	78.4145	78.8916	79.3414	79.7666	80.1764	80.5788	80.9909	81.3802	81.7832
1502	Upper-middle-income countries	78.6032	79.0615	79.5813	80.1077	80.6434	81.1551	81.7053	82.2078	82.7269	83.2561	83.7488	84.2641	84.7507	85.2208	85.6951	86.1433
1501	Lower-middle-income countries	70.5082	71.2322	71.9707	72.6828	73.3712	74.009	74.6335	75.1448	75.7008	76.2197	76.7063	77.1708	77.6309	78.053	78.4631	78.8785
1500	Low-income countries	66.611	67.9077	69.072	70.1043	71.0383	71.8926	72.7064	73.4198	74.0882	74.7057	75.2902	75.8643	76.4006	76.911	77.4109	77.9322
1518	No income group available	82.989	83.4106	83.8456	84.2004	84.5291	84.8633	85.1463	85.427	85.7397	86.1193	86.494	86.9796	87.5104	87.9874	88.4296	88.8471
910	Eastern Africa	67.4096	68.6585	69.8225	70.8491	71.7933	72.6793	73.4963	74.2377	74.9857	75.6553	76.2789	76.9005	77.5343	78.1071	78.6575	79.2206
108	Burundi	62.871	63.6954	64.5568	65.3597	66.1427	66.8744	67.5651	68.2188	68.8514	69.459	70.0282	70.5795	71.1396	71.6373	72.1743	72.6721
174	Comoros	65.3336	65.7471	66.1953	66.6879	67.183	67.6522	68.1339	68.5904	69.0198	69.4828	69.9373	70.3529	70.778	71.189	71.608	72.0175
262	Djibouti	68.5551	69.0761	69.6274	70.1904	70.7424	71.2733	71.7875	72.2962	72.8088	73.3061	73.8039	74.2682	74.7453	75.2089	75.6595	76.132
232	Eritrea	68.0634	68.8088	69.5159	70.1817	70.81	71.4285	72.0037	72.5709	73.119	73.6757	74.1733	74.6761	75.179	75.6607	76.1402	76.6197
231	Ethiopia	68.0922	68.9104	69.6945	70.414	71.1174	71.7781	72.3788	72.9673	73.5186	74.0616	74.6074	75.1489	75.6531	76.1308	76.6196	77.0999
404	Kenya	68.2555	68.7204	69.2476	69.764	70.2827	70.8049	71.3354	71.8558	72.3947	72.9114	73.4416	73.9625	74.4753	74.9888	75.4843	75.9907
450	Madagascar	68.3482	69.2569	70.1046	70.9235	71.6696	72.3625	72.9979	73.6197	74.2018	74.758	75.3232	75.8546	76.3557	76.8731	77.3605	77.8544
454	Malawi	67.0059	67.9916	68.9326	69.7611	70.5065	71.229	71.8855	72.5238	73.1278	73.6922	74.2541	74.797	75.3099	75.827	76.3484	76.8144
480	Mauritius	77.7945	77.9912	78.2822	78.6105	78.9558	79.3182	79.7126	80.1123	80.4946	80.8945	81.2926	81.7021	82.1059	82.5072	82.9015	83.3222
175	Mayotte	82.3369	82.6506	83.4283	83.8507	84.2791	84.709	85.1305	85.5576	85.9773	86.408	86.8256	87.2493	87.6697	88.0885	88.4887	88.8936
508	Mozambique	63.187	64.2175	65.2098	66.1355	66.9662	67.7201	68.4153	69.1043	69.7425	70.3557	70.9324	71.4745	72.0063	72.5306	73.0588	73.5742
638	Reunion	83.5768	83.8928	84.2791	84.6875	85.112	85.5235	85.957	86.3847	86.8218	87.2496	87.6715	88.1106	88.5337	88.9448	89.3761	89.789
646	Rwanda	70.5354	71.2045	71.9029	72.5773	73.2033	73.7956	74.3641	74.9384	75.4659	75.9879	76.5192	77.0094	77.5219	78.0075	78.5098	78.9944
690	Seychelles	76.5618	76.7101	77.1453	77.4458	77.7728	78.1273	78.4975	78.8723	79.2604	79.6497	80.0238	80.4264	80.8173	81.223	81.5985	82.0192
706	Somalia	58.4342	59.15	59.9455	60.772	61.5605	62.3165	63.0315	63.7227	64.3431	64.937	65.5145	66.0596	66.5795	67.0897	67.5715	68.0435
728	South Sudan	58.6207	59.235	59.9239	60.6241	61.3062	61.965	62.5703	63.1584	63.7041	64.2559	64.763	65.262	65.7412	66.1784	66.6282	67.0833
800	Uganda	64.978	65.6958	66.4413	67.1481	67.8197	68.4509	69.0676	69.652	70.2064	70.7547	71.2849	71.8216	72.3597	72.8644	73.3462	73.8369
834	United Republic of Tanzania	66.5977	67.2964	68.0009	68.7097	69.3598	69.984	70.5731	71.1283	71.674	72.2256	72.7428	73.2646	73.7658	74.2923	74.7565	75.2551
894	Zambia	66.0721	66.6354	67.2445	67.8294	68.401	68.9675	69.5161	70.0523	70.5718	71.0964	71.607	72.0907	72.5968	73.0483	73.5335	73.9886
716	Zimbabwe	61.9731	62.502	63.1249	63.7532	64.3623	64.9918	65.6129	66.1983	66.7599	67.3082	67.8509	68.3584	68.8822	69.385	69.8808	70.369
911	Middle Africa	61.703	62.7156	63.6893	64.606	65.5139	66.3372	67.1424	67.8692	68.5913	69.2367	69.8691	70.4912	71.0731	71.6264	72.1477	72.6958
24	Angola	63.4459	64.2075	64.9648	65.6722	66.323	66.9384	67.5211	68.0497	68.5684	69.0739	69.5362	69.9808	70.4008	70.8543	71.2567	71.7073
120	Cameroon	59.8991	60.5916	61.3005	62.0301	62.7154	63.3637	63.9771	64.5401	65.1131	65.665	66.1995	66.7307	67.2256	67.7327	68.2038	68.6835
140	Central African Republic	54.7065	55.4481	56.2578	57.0546	57.7771	58.4796	59.1494	59.7424	60.3188	60.8472	61.3823	61.8647	62.337	62.8164	63.2804	63.7376
148	Chad	54.8303	55.4468	56.1769	56.96	57.7646	58.5472	59.3532	60.0802	60.798	61.4891	62.1381	62.7333	63.3256	63.8817	64.4291	64.9702
178	Congo	65.0976	65.4033	65.7807	66.202	66.6193	67.0362	67.464	67.8783	68.2793	68.6822	69.0805	69.482	69.8711	70.2881	70.6902	71.1139
180	Democratic Republic of the Congo	61.5343	62.1624	62.8525	63.5087	64.1716	64.7637	65.3795	65.9254	66.4755	66.9975	67.499	67.9674	68.4526	68.8552	69.3061	69.756
226	Equatorial Guinea	59.3473	60.1414	60.9287	61.6921	62.4197	63.0869	63.6941	64.2901	64.8499	65.3668	65.8583	66.3445	66.816	67.2549	67.6772	68.1202
266	Gabon	67.7226	68.0098	68.3767	68.7748	69.1674	69.5832	69.9757	70.3915	70.817	71.209	71.6226	72.0112	72.4259	72.8418	73.2265	73.6677
678	Sao Tome and Principe	72.097	72.4795	72.9443	73.4109	73.8877	74.4002	74.8991	75.4021	75.9016	76.3742	76.8566	77.3322	77.7954	78.2642	78.7578	79.2248
913	Southern Africa	67.0364	67.5726	68.2394	68.8148	69.3702	69.9233	70.4799	71.0039	71.5098	72.0021	72.5057	72.894	73.4197	73.9237	74.4075	74.847
72	Botswana	71.2622	71.4155	71.6826	71.979	72.3056	72.6575	73.0207	73.3873	73.7709	74.145	74.5442	74.9041	75.2903	75.7011	76.0682	76.4656
748	Eswatini	63.9618	64.7572	65.5177	66.1907	66.8478	67.4074	67.9587	68.4757	68.9635	69.4316	69.8794	70.3001	70.7195	71.1678	71.5371	71.9322
426	Lesotho	57.0529	58.2087	59.3855	60.5614	61.6064	62.6058	63.502	64.3213	65.0692	65.7635	66.4302	67.0564	67.642	68.2126	68.7753	69.2919
516	Namibia	65.9497	66.7093	67.4604	68.1346	68.7706	69.3763	69.9404	70.4812	71.0075	71.5142	72.0144	72.5039	72.9763	73.4274	73.9141	74.3877
710	South Africa	66.848	67.3319	67.8462	68.3587	68.8595	69.3581	69.8554	70.3187	70.7878	71.2276	71.6828	72.1241	72.5516	72.9812	73.4186	73.833
914	Western Africa	59.185	60.331	61.4485	62.4876	63.5043	64.465	65.275	66.0698	66.7761	67.5006	68.1533	68.7982	69.3936	69.9808	70.5257	71.0962
204	Benin	62.6655	63.2442	63.8581	64.4307	64.9934	65.511	66.0337	66.5115	67.0154	67.4876	67.9336	68.3773	68.8253	69.2838	69.7161	70.1376
854	Burkina Faso	61.949	62.9249	63.8441	64.6789	65.4506	66.1428	66.8126	67.4545	68.0218	68.5939	69.1553	69.6596	70.1818	70.6811	71.147	71.6596
132	Cabo Verde	75.5711	75.8941	76.2947	76.7453	77.1835	77.6371	78.0792	78.5133	78.9598	79.4189	79.8431	80.2944	80.7483	81.1789	81.6011	82.0295
384	Cote d'Ivoire	58.3237	58.9645	59.6535	60.2999	60.9287	61.5445	62.1253	62.6854	63.2615	63.8177	64.3321	64.8574	65.3549	65.8684	66.3738	66.8575
270	Gambia	62.9164	63.5925	64.2555	64.8924	65.4781	66.0418	66.5719	67.0924	67.5603	68.0539	68.5391	69.0034	69.4351	69.9045	70.35	70.7841
288	Ghana	64.4707	64.9797	65.5605	66.109	66.6767	67.2142	67.7221	68.2233	68.6897	69.1679	69.6526	70.1339	70.606	71.037	71.4722	71.9581
324	Guinea	61.5443	62.3445	63.1267	63.8813	64.5646	65.1974	65.8008	66.3493	66.8753	67.3839	67.8627	68.315	68.7904	69.21	69.653	70.0881
624	Guinea-Bissau	59.6277	60.3746	61.177	61.9552	62.6727	63.3624	64.0188	64.6422	65.194	65.7384	66.2766	66.77	67.2435	67.7086	68.1427	68.5818
430	Liberia	64.8283	65.4419	66.05	66.6414	67.2031	67.7599	68.2643	68.7691	69.2436	69.7303	70.1838	70.6158	71.0621	71.4875	71.8936	72.3295
466	Mali	59.5587	60.3924	61.206	61.9215	62.5692	63.1691	63.7238	64.2289	64.725	65.2002	65.6612	66.1179	66.5415	66.9448	67.3382	67.732
478	Mauritania	65.6776	65.9761	66.3787	66.7845	67.1908	67.6251	68.0373	68.467	68.8909	69.2743	69.6699	70.0901	70.4893	70.9019	71.2854	71.6815
562	Niger	63.2842	64.3567	65.3802	66.2985	67.1054	67.8234	68.4671	69.0766	69.6295	70.1618	70.6726	71.1344	71.5759	72.0271	72.443	72.8842
566	Nigeria	54.9457	55.7681	56.6907	57.5979	58.5097	59.3419	60.1272	60.8553	61.5412	62.2066	62.8285	63.4093	63.9371	64.4372	64.9237	65.4048
686	Senegal	69.3252	69.958	70.5918	71.2414	71.8431	72.4317	72.9982	73.5417	74.0495	74.5924	75.0939	75.5957	76.0904	76.5775	77.0481	77.5127
694	Sierra Leone	54.9753	56.0515	57.1974	58.3004	59.3521	60.294	61.1569	61.8928	62.6235	63.2594	63.8424	64.4225	64.959	65.4569	65.9386	66.3822
768	Togo	61.2779	61.938	62.6052	63.2523	63.8788	64.498	65.0937	65.6216	66.1753	66.7211	67.2298	67.7507	68.2666	68.7657	69.2713	69.7682
912	Northern Africa	74.5971	75.2345	75.8991	76.5209	77.1428	77.7339	78.2659	78.7514	79.1881	79.63	80.0407	80.4497	80.8635	81.3024	81.7244	82.0968
12	Algeria	77.6039	78.0059	78.4806	78.9833	79.4826	79.9634	80.4511	80.9311	81.3997	81.8745	82.3467	82.7873	83.2382	83.6758	84.1103	84.5204
818	Egypt	73.6523	73.985	74.3921	74.8418	75.2923	75.7485	76.1969	76.6453	77.0931	77.5166	77.9602	78.3814	78.8044	79.2229	79.6523	80.0815
434	Libya	75.2314	75.4574	75.7829	76.1543	76.5429	76.9416	77.3382	77.7506	78.1598	78.576	78.9963	79.3978	79.8062	80.246	80.6464	81.0538
504	Morocco	77.4737	78.0344	78.6301	79.2252	79.818	80.3691	80.9177	81.4655	81.9831	82.4858	82.9739	83.4584	83.9347	84.3732	84.8328	85.2519
729	Sudan	66.5137	67.0161	67.5898	68.1751	68.7537	69.3261	69.881	70.4029	70.9328	71.451	71.944	72.4641	72.9456	73.4179	73.8888	74.3766
788	Tunisia	78.2204	78.6073	79.069	79.5228	79.9941	80.4677	80.9222	81.3677	81.8347	82.284	82.7106	83.1527	83.5702	83.9671	84.3782	84.7719
732	Western Sahara	71.742	72.3409	72.9685	73.5951	74.1883	74.7659	75.3101	75.8499	76.369	76.8698	77.3771	77.8538	78.3312	78.8127	79.2505	79.7331
922	Western Asia	77.6234	78.1795	78.7768	79.2847	79.7654	80.231	80.6659	81.0783	81.4982	81.8782	82.2756	82.6777	83.0945	83.4955	83.8982	84.2837
51	Armenia	77.788	77.9121	78.1528	78.4458	78.7597	79.0896	79.429	79.7745	80.1176	80.5099	80.8706	81.2428	81.6114	81.9972	82.3635	82.7364
31	Azerbaijan	74.6277	74.7159	74.9264	75.2112	75.5104	75.8551	76.1887	76.5364	76.9187	77.306	77.6978	78.1041	78.5091	78.8976	79.3028	79.6951
48	Bahrain	77.7685	77.9745	78.2841	78.632	79.0015	79.3793	79.769	80.1622	80.5577	80.9592	81.3556	81.7601	82.1723	82.5785	82.9628	83.3611
196	Cyprus	82.5467	82.7715	83.0757	83.4389	83.7893	84.1717	84.5492	84.9328	85.3149	85.6996	86.0879	86.4701	86.8457	87.2394	87.6262	88.0229
268	Georgia	77.4099	77.5649	77.8181	78.1208	78.444	78.7938	79.1687	79.5413	79.915	80.3022	80.7052	81.08	81.472	81.8563	82.2527	82.6416
368	Iraq	71.8569	72.0943	72.4533	72.8133	73.2106	73.6176	74.0384	74.4462	74.8551	75.2522	75.6456	76.0426	76.4654	76.8511	77.2422	77.6089
376	Israel	84.0459	84.2655	84.5762	84.9078	85.2641	85.6399	86.0285	86.4238	86.818	87.2179	87.6195	88.0299	88.4416	88.8582	89.2839	89.698
400	Jordan	75.6038	75.8262	76.1557	76.5318	76.9227	77.3292	77.7406	78.1515	78.5638	78.973	79.3905	79.7869	80.2075	80.6054	81.0205	81.425
414	Kuwait	75.8774	76.0519	76.3401	76.6862	77.0345	77.4062	77.7955	78.1734	78.5407	78.9347	79.3425	79.7147	80.112	80.4845	80.8682	81.2559
422	Lebanon	80.1683	80.4005	81.0006	81.3744	81.7601	82.1888	82.6073	83.0364	83.4858	83.9272	84.3434	84.773	85.202	85.6156	86.0359	86.4465
512	Oman	79.8879	80.3034	80.8086	81.3065	81.8192	82.3316	82.8215	83.3035	83.7883	84.245	84.7068	85.1409	85.5701	86.0016	86.4438	86.8601
634	Qatar	81.5252	81.8113	82.172	82.5629	82.9765	83.3922	83.8205	84.2285	84.6523	85.0552	85.4442	85.8542	86.2602	86.6481	87.0377	87.4333
682	Saudi Arabia	76.1651	76.5116	76.9277	77.3646	77.8137	78.2614	78.7156	79.1551	79.5827	80.0139	80.4415	80.8608	81.2796	81.6781	82.0772	82.4656
275	State of Palestine	75.1403	75.477	75.8978	76.342	76.808	77.257	77.728	78.1734	78.6188	79.0778	79.5025	79.9292	80.355	80.7949	81.1967	81.607
760	Syrian Arab Republic	77.9592	78.3514	78.7913	79.2567	79.7086	80.1756	80.6262	81.066	81.5102	81.9353	82.3779	82.8167	83.2223	83.6529	84.0332	84.4387
792	Turkey	80.1567	80.6698	81.2187	81.7809	82.3396	82.8786	83.4073	83.9189	84.4074	84.8791	85.3557	85.7943	86.2368	86.6802	87.1201	87.5469
784	United Arab Emirates	78.7185	78.9651	79.3152	79.6961	80.0935	80.5091	80.9378	81.3554	81.7595	82.1878	82.6193	83.0293	83.4427	83.8628	84.2653	84.666
887	Yemen	66.7025	66.9892	67.8429	68.256	68.6664	69.0904	69.5026	69.9265	70.3373	70.7581	71.1728	71.5467	71.9455	72.3327	72.7269	73.1246
5500	Central Asia	74.94	75.3328	75.7631	76.1729	76.6121	77.0459	77.5033	77.9385	78.3838	78.8507	79.2927	79.7329	80.2323	80.7384	81.2164	81.6861
398	Kazakhstan	76.8145	76.9606	77.2234	77.5202	77.8435	78.1994	78.5697	78.9215	79.3126	79.6847	80.0847	80.5047	80.9021	81.3367	81.7207	82.1181
417	Kyrgyzstan	74.7948	74.9536	75.2235	75.5229	75.8747	76.236	76.625	77.0302	77.4426	77.8267	78.2309	78.6562	79.0563	79.4767	79.8706	80.3038
762	Tajikistan	72.7415	73.1781	73.6805	74.1975	74.7245	75.2296	75.7183	76.1873	76.65	77.1121	77.5783	78.025	78.4474	78.8836	79.3297	79.7259
795	Turkmenistan	70.8041	70.9139	71.16	71.4378	71.7691	72.1065	72.4611	72.8519	73.2353	73.6046	73.9826	74.387	74.8046	75.1683	75.5713	75.9832
860	Uzbekistan	72.9589	73.0558	73.2779	73.5486	73.871	74.1917	74.5165	74.8716	75.2538	75.6198	75.9733	76.3884	76.7634	77.1689	77.5751	77.9498
5501	Southern Asia	71.0976	71.7423	72.4587	73.1973	73.8589	74.5438	75.121	75.6429	76.2302	76.7515	77.2896	77.8462	78.3089	78.7491	79.2495	79.6596
4	Afghanistan	65.9624	66.7949	67.5741	68.3166	68.9946	69.6169	70.1959	70.7625	71.321	71.8463	72.3668	72.8463	73.3592	73.8423	74.3058	74.7526
50	Bangladesh	74.2241	74.9678	75.7173	76.419	77.083	77.7099	78.3109	78.8812	79.4264	79.951	80.4803	80.9888	81.4836	81.9733	82.4405	82.8987
64	Bhutan	71.8389	72.6694	73.47	74.1934	74.8657	75.4996	76.1045	76.6496	77.1951	77.7299	78.2267	78.7064	79.1792	79.6674	80.1236	80.5981
356	India	70.3289	70.8761	71.4731	72.0621	72.6373	73.2028	73.7363	74.2689	74.7913	75.2979	75.7886	76.285	76.7522	77.2192	77.6772	78.1225
364	Iran (Islamic Republic of)	77.3607	77.7978	78.2948	78.8227	79.3458	79.853	80.3526	80.8583	81.3529	81.8601	82.3467	82.8074	83.2781	83.7436	84.1868	84.6263
462	Maldives	80.5194	81.1843	81.8572	82.4965	83.1083	83.6856	84.2367	84.7457	85.2509	85.7339	86.1874	86.6534	87.103	87.5488	87.9814	88.3909
524	Nepal	71.7561	72.481	73.1777	73.8547	74.4978	75.0945	75.6705	76.2001	76.7135	77.2148	77.7142	78.1993	78.6565	79.1283	79.5874	80.0279
586	Pakistan	67.4645	67.7712	68.1718	68.632	69.1259	69.6012	70.104	70.6025	71.0915	71.6057	72.1188	72.6107	73.1131	73.6141	74.1247	74.63
144	Sri Lanka	79.7066	79.9696	80.3174	80.7062	81.1126	81.5198	81.9591	82.3981	82.8158	83.2465	83.6584	84.0807	84.4847	84.8993	85.2984	85.7033
906	Eastern Asia	80.3379	80.4496	80.7825	81.1243	81.4882	81.8532	82.2781	82.7245	83.183	83.6496	84.0064	84.4294	84.8787	85.2785	85.7569	86.1598
156	China	78.6356	78.9323	79.3094	79.7229	80.1436	80.5862	81.0203	81.4688	81.9254	82.3612	82.7889	83.2253	83.6684	84.0875	84.5104	84.9179
344	China, Hong Kong SAR	87.3014	87.57	87.8999	88.2647	88.6472	89.0538	89.4553	89.8545	90.2745	90.6921	91.1174	91.5197	91.9418	92.382	92.7947	93.2218
446	China, Macao SAR	86.7637	87.0503	87.414	87.7991	88.2021	88.6151	89.0378	89.4566	89.8798	90.293	90.7216	91.149	91.5669	91.9875	92.4158	92.8402
158	China, Taiwan Province of China	82.7308	82.985	83.3206	83.6859	84.0675	84.4635	84.8519	85.2429	85.642	86.0441	86.4523	86.8603	87.2612	87.662	88.0731	88.484
408	Dem. People's Republic of Korea	75.122	75.5516	76.0452	76.5618	77.0613	77.5655	78.0523	78.5392	79.0179	79.5011	79.9885	80.4402	80.9018	81.3371	81.7904	82.2263
392	Japan	87.2267	87.4943	87.8293	88.1823	88.5591	88.9455	89.3423	89.7399	90.1427	90.5409	90.9168	91.3051	91.7015	92.0864	92.481	92.8801
496	Mongolia	73.4361	73.7796	74.2061	74.6647	75.1344	75.6003	76.0785	76.5789	77.0249	77.505	77.988	78.4448	78.9386	79.4059	79.8782	80.3257
410	Republic of Korea	85.5518	85.9044	86.3038	86.7334	87.1837	87.6249	88.0597	88.5007	88.9426	89.3848	89.8196	90.2523	90.6989	91.1229	91.5507	91.9774
920	South-Eastern Asia	75.8478	76.3794	76.958	77.4913	78.0249	78.5151	79.0006	79.4878	79.96	80.4543	80.9198	81.3535	81.7752	82.2456	82.7317	83.1999
96	Brunei Darussalam	76.4573	76.7101	77.0666	77.4484	77.8643	78.2683	78.7073	79.1357	79.5509	79.9628	80.379	80.7981	81.2246	81.6311	82.0497	82.4747
116	Cambodia	71.2038	71.6375	72.1146	72.6056	73.0836	73.5643	74.025	74.4622	74.9073	75.3651	75.8034	76.2472	76.6826	77.0923	77.5267	77.9232
360	Indonesia	73.3064	73.7016	74.1858	74.6826	75.2023	75.6961	76.1935	76.6935	77.1917	77.6831	78.1391	78.6232	79.0817	79.5449	80.006	80.4639
418	Lao People's Democratic Republic	69.287	70.0196	70.7578	71.4837	72.1219	72.7396	73.3082	73.8495	74.3654	74.8528	75.32	75.7877	76.2514	76.6905	77.1213	77.5348
458	Malaysia	77.6701	77.881	78.2039	78.5542	78.9335	79.3463	79.7575	80.1605	80.5804	80.9914	81.4125	81.8413	82.27	82.6886	83.1216	83.5358
104	Myanmar	69.2822	69.57	69.9533	70.3731	70.7728	71.2166	71.6635	72.0915	72.5111	72.9358	73.3781	73.7782	74.204	74.6337	75.0604	75.4873
608	Philippines	74.69	74.7951	75.0158	75.2968	75.6218	75.957	76.3256	76.6748	77.0478	77.4318	77.8228	78.22	78.5899	78.9883	79.3984	79.8373
702	Singapore	85.2827	85.5367	85.8571	86.2262	86.6033	87.0063	87.4086	87.8168	88.2235	88.6336	89.0532	89.4733	89.902	90.3297	90.766	91.1742
764	Thailand	80.321	80.6053	80.9753	81.376	81.7869	82.2188	82.6545	83.0795	83.5102	83.9355	84.3495	84.7652	85.1783	85.5892	86.0111	86.3856
626	Timor-Leste	70.9376	71.3908	71.9236	72.4306	72.9344	73.449	73.9417	74.4125	74.8689	75.3314	75.7806	76.2409	76.6655	77.1069	77.5153	77.9381
704	Viet Nam	78.7796	78.8814	79.1749	79.4395	79.7293	80.021	80.3601	80.6909	81.0532	81.4034	81.7794	82.1599	82.5447	82.9226	83.3049	83.682
915	Caribbean	75.3216	75.9076	76.5463	77.0556	77.5407	77.9949	78.3477	78.7472	79.1225	79.5008	79.8952	80.3303	80.6863	81.0766	81.4999	81.8935
28	Antigua and Barbuda	77.4602	77.6671	77.9759	78.3287	78.7097	79.0992	79.5016	79.9263	80.3303	80.7263	81.145	81.5584	81.9676	82.3949	82.8136	83.2424
533	Aruba	77.9877	78.1856	78.4706	78.7984	79.1643	79.5349	79.9106	80.2911	80.6831	81.0777	81.4512	81.8264	82.2181	82.5961	82.9736	83.3488
44	Bahamas	75.2885	75.3974	75.6167	75.9011	76.1906	76.5054	76.8582	77.2051	77.5851	77.9501	78.325	78.7075	79.0881	79.4799	79.8378	80.219
52	Barbados	79.8177	80.0459	80.493	80.8325	81.2054	81.593	81.971	82.3637	82.7708	83.1771	83.5701	83.9675	84.3547	84.7297	85.1041	85.4932
192	Cuba	80.1072	80.3693	80.9475	81.3141	81.7064	82.1181	82.5205	82.9355	83.3326	83.7519	84.1449	84.5283	84.8936	85.2702	85.6409	86.0176
531	Curacao	81.1062	81.3538	81.6838	82.0597	82.455	82.8558	83.2685	83.6647	84.0588	84.4495	84.8429	85.2346	85.6252	86.0309	86.4142	86.7982
214	Dominican Republic	76.7146	76.9685	77.3122	77.7049	78.1012	78.5271	78.9277	79.3567	79.7717	80.1906	80.6228	81.0478	81.4796	81.9106	82.338	82.7538
308	Grenada	73.9085	74.068	74.8071	75.1069	75.4494	75.8168	76.1925	76.568	76.9569	77.3344	77.7217	78.1309	78.5012	78.8887	79.2744	79.6474
312	Guadeloupe	85.068	85.3995	85.793	86.2151	86.6356	87.0759	87.5018	87.9359	88.3605	88.7872	89.2183	89.6382	90.0674	90.5027	90.9234	91.3448
332	Haiti	65.5389	66.1147	66.7143	67.282	67.8579	68.3865	68.9171	69.4378	69.931	70.4027	70.8678	71.3462	71.8297	72.2767	72.7693	73.2159
388	Jamaica	75.3809	75.5296	75.7921	76.0967	76.4225	76.7662	77.1418	77.5119	77.8805	78.2519	78.6313	79.016	79.4026	79.8035	80.1814	80.5759
474	Martinique	85.2253	85.5693	85.9587	86.3847	86.8181	87.2456	87.6796	88.1165	88.5451	88.9744	89.3941	89.8195	90.2437	90.6632	91.0767	91.4965
630	Puerto Rico	83.0369	83.2731	83.5738	83.9251	84.2731	84.6422	85.0143	85.3919	85.7639	86.1331	86.5204	86.8801	87.2714	87.6419	88.0129	88.3953
662	Saint Lucia	76.9111	77.1122	77.4126	77.7875	78.154	78.5444	78.9555	79.3607	79.7612	80.1786	80.5837	80.9817	81.3955	81.8084	82.2061	82.6059
670	Saint Vincent and the Grenadines	74.3721	74.5295	74.8089	75.123	75.4894	75.859	76.2369	76.6154	76.9954	77.3791	77.7611	78.1619	78.5388	78.9289	79.3229	79.721
780	Trinidad and Tobago	75.4458	75.5712	75.8243	76.1001	76.4295	76.7716	77.1311	77.5059	77.8832	78.2525	78.6184	79.0075	79.3951	79.7997	80.1852	80.5678
850	United States Virgin Islands	82.6218	82.8713	83.2168	83.5861	83.9721	84.3606	84.7684	85.1725	85.5844	85.9918	86.4169	86.8421	87.2642	87.6729	88.086	88.5027
916	Central America	78.0186	78.2849	78.8326	79.3879	79.922	80.4425	80.9737	81.4701	81.9848	82.4638	82.9376	83.4132	83.867	84.3226	84.758	85.2735
84	Belize	77.0973	77.2838	77.5581	77.8824	78.2311	78.5997	78.9897	79.3717	79.7706	80.1671	80.5586	80.9479	81.37	81.7699	82.1699	82.5806
188	Costa Rica	82.4522	82.7949	83.1973	83.6298	84.0577	84.4728	84.8995	85.2987	85.711	86.1173	86.5053	86.9066	87.2909	87.6813	88.0654	88.4527
222	El Salvador	77.3099	77.7332	78.2228	78.738	79.2427	79.7409	80.2246	80.7194	81.1916	81.6543	82.1242	82.5813	83.0231	83.4811	83.9313	84.3374
320	Guatemala	76.6637	77.1746	77.7243	78.3085	78.8496	79.4075	79.9227	80.4475	80.9517	81.4385	81.936	82.4307	82.8938	83.3603	83.7896	84.2299
340	Honduras	76.9537	77.2771	77.6865	78.1278	78.5674	79.0045	79.4486	79.8975	80.3185	80.7748	81.2106	81.6658	82.0973	82.5145	82.9442	83.3636
484	Mexico	77.0289	77.3392	78.1897	78.615	79.0516	79.4942	79.9348	80.3804	80.8224	81.2599	81.6939	82.1075	82.5203	82.9259	83.3449	83.7644
558	Nicaragua	77.4814	77.9275	78.432	78.967	79.4936	80.0083	80.52	81.0259	81.5084	82.0004	82.4659	82.9215	83.3808	83.8275	84.2634	84.6832
591	Panama	81.2218	81.4807	81.8194	82.2	82.6031	83.0141	83.4261	83.8248	84.221	84.6481	85.0402	85.4412	85.8405	86.2391	86.6275	87.0314
931	South America	79.3872	79.9524	80.5343	81.1003	81.696	82.267	82.8218	83.3557	83.8309	84.3381	84.8212	85.3043	85.8437	86.3283	86.8216	87.3248
32	Argentina	79.3641	79.5506	79.8287	80.155	80.5132	80.8941	81.2855	81.6648	82.0582	82.4881	82.8901	83.3034	83.6987	84.1088	84.5111	84.9267
68	Bolivia (Plurinational State of)	73.9968	74.6089	75.2421	75.8281	76.4123	76.9511	77.4749	77.9554	78.4457	78.9003	79.3634	79.7928	80.2111	80.6438	81.0573	81.4706
76	Brazil	79.0668	79.4645	79.934	80.4262	80.9411	81.4311	81.9225	82.4195	82.9105	83.3826	83.856	84.3009	84.7473	85.1873	85.6113	86.0424
152	Chile	81.8604	82.2241	82.948	83.4019	83.8473	84.3048	84.7386	85.1772	85.5952	86.0113	86.4245	86.8199	87.2319	87.6195	88.0226	88.4268
170	Colombia	79.4881	79.7978	80.1855	80.607	81.0421	81.4835	81.9326	82.3814	82.822	83.2731	83.7137	84.1468	84.5559	84.9807	85.3758	85.7847
218	Ecuador	79.3772	79.7956	80.2757	80.7699	81.2798	81.7676	82.268	82.7561	83.2257	83.6683	84.1048	84.558	84.9879	85.4012	85.8004	86.2232
254	French Guiana	82.4816	82.7651	83.3897	83.7944	84.2128	84.6352	85.0644	85.4752	85.8853	86.3134	86.7351	87.146	87.556	87.9603	88.3698	88.7791
328	Guyana	72.1963	72.2724	72.4612	72.7185	73.0288	73.3358	73.6651	74.003	74.3318	74.6834	75.0482	75.4173	75.7866	76.1517	76.5341	76.9197
600	Paraguay	75.5819	75.6765	75.8698	76.1379	76.4349	76.7577	77.0938	77.4436	77.8322	78.202	78.5875	78.9874	79.378	79.7788	80.1847	80.5814
604	Peru	79.0435	79.5153	80.0402	80.5769	81.1212	81.6494	82.1621	82.6684	83.1712	83.6368	84.114	84.563	85.0158	85.4524	85.8913	86.3094
740	Suriname	74.2842	74.4365	74.6979	74.9992	75.3275	75.6963	76.054	76.4374	76.8097	77.2101	77.5837	77.9897	78.3838	78.8012	79.1804	79.5888
858	Uruguay	80.9005	81.064	81.3306	81.6445	81.9889	82.355	82.73	83.1221	83.5166	83.9241	84.3169	84.7142	85.0957	85.5117	85.901	86.3145
862	Venezuela (Bolivarian Republic of)	75.0471	75.854	76.1872	76.5546	76.9521	77.3369	77.7613	78.1445	78.557	78.97	79.3505	79.7333	80.1243	80.5099	80.8995	81.2839
36	Australia	84.9382	85.1628	85.4658	85.7933	86.1633	86.541	86.9411	87.3297	87.7247	88.1297	88.5225	88.9402	89.3632	89.7731	90.1996	90.6188
554	New Zealand	83.5147	83.7274	84.0227	84.3591	84.7101	85.0687	85.4468	85.8402	86.2291	86.63	87.0534	87.4555	87.8698	88.2806	88.7118	89.1252
928	Melanesia	66.9471	67.2745	67.8297	68.3522	68.803	69.2869	69.7397	70.1905	70.5912	71.0023	71.5028	71.8827	72.3167	72.7822	73.2323	73.6561
242	Fiji	68.5511	68.8532	69.2677	69.7287	70.2137	70.6984	71.1886	71.6944	72.1763	72.6865	73.1628	73.6666	74.1701	74.6597	75.1604	75.6724
540	New Caledonia	79.8477	80.1437	80.519	80.934	81.3742	81.8082	82.2529	82.6992	83.1373	83.5726	84.0024	84.4181	84.831	85.2366	85.6366	86.0415
598	Papua New Guinea	65.0091	65.3764	65.7896	66.2204	66.642	67.072	67.5077	67.9395	68.3523	68.7715	69.171	69.5922	69.9932	70.3871	70.8069	71.2092
90	Solomon Islands	74.0518	74.2138	74.4894	74.8359	75.1789	75.5665	75.9601	76.3641	76.7804	77.1946	77.6208	78.0375	78.4529	78.8838	79.3206	79.7479
548	Vanuatu	71.3566	71.6181	71.9764	72.391	72.8069	73.2265	73.6512	74.0888	74.5105	74.9149	75.3445	75.7531	76.1648	76.5749	77	77.4098
954	Micronesia	76.6777	77.2521	77.7892	78.3179	78.8008	79.3066	79.7897	80.2245	80.6198	81.0498	81.535	81.999	82.5003	82.9243	83.3753	83.8062
316	Guam	83.0902	83.3941	83.7623	84.171	84.5892	84.9867	85.4136	85.8568	86.2735	86.7039	87.1312	87.5634	87.9861	88.3949	88.8224	89.2453
296	Kiribati	71.6899	72.1732	72.7225	73.2739	73.8241	74.3821	74.8987	75.4163	75.9346	76.4084	76.905	77.3924	77.8491	78.3229	78.7812	79.2515
583	Micronesia (Fed. States of)	68.6447	68.7364	68.9585	69.2301	69.5416	69.872	70.2069	70.5574	70.9153	71.2925	71.6613	72.0193	72.4064	72.7592	73.144	73.5195
957	Polynesia	77.2566	77.8326	78.3858	78.9338	79.4679	79.9744	80.4472	80.894	81.3532	81.7762	82.1807	82.5684	82.9522	83.3255	83.7541	84.1174
258	French Polynesia	79.3513	79.6547	80.0383	80.4632	80.908	81.3531	81.7996	82.2692	82.7337	83.1827	83.6447	84.0882	84.5138	84.9481	85.3636	85.7809
882	Samoa	74.7292	74.9224	75.2416	75.5955	75.9978	76.3957	76.8085	77.2297	77.6479	78.0701	78.4991	78.9292	79.3634	79.8048	80.2447	80.6825
776	Tonga	72.0409	72.1933	72.4341	72.7388	73.0553	73.4237	73.7973	74.1759	74.5659	74.9265	75.3164	75.7051	76.0584	76.4708	76.8681	77.2454
923	Eastern Europe	78.6134	78.9598	79.3545	79.7476	80.1764	80.5932	81.0333	81.4839	81.8934	82.3242	82.7551	83.205	83.6221	83.9917	84.38	84.7954
112	Belarus	78.8417	78.9635	79.1789	79.4474	79.7403	80.0604	80.383	80.6937	81.0411	81.3604	81.6983	82.0261	82.3856	82.7186	83.0633	83.405
100	Bulgaria	77.9561	78.0724	78.2837	78.5554	78.8647	79.1746	79.4785	79.8335	80.1597	80.4817	80.8288	81.1541	81.4997	81.8493	82.1812	82.5299
203	Czechia	81.3986	81.5854	81.8682	82.1886	82.5353	82.9061	83.2693	83.6569	84.0376	84.4198	84.817	85.1854	85.5521	85.9248	86.3093	86.6822
348	Hungary	79.6342	79.7896	80.0425	80.3522	80.6813	81.0154	81.3823	81.7554	82.1258	82.4996	82.8901	83.2889	83.6734	84.048	84.4345	84.8092
616	Poland	82.0501	82.2773	82.5889	82.9463	83.323	83.7133	84.0901	84.4771	84.8686	85.2468	85.6188	86.0207	86.416	86.8042	87.201	87.5669
498	Republic of Moldova	75.3135	75.402	75.6116	75.878	76.1767	76.5019	76.8353	77.1931	77.5533	77.921	78.285	78.6487	79.0329	79.4118	79.7993	80.1902
642	Romania	78.8424	78.9967	79.2353	79.5397	79.8714	80.2051	80.574	80.9464	81.3444	81.7355	82.1197	82.5163	82.8941	83.2904	83.6816	84.0728
643	Russian Federation	77.0066	77.1419	77.3734	77.6591	77.9859	78.3132	78.6638	79.0292	79.3925	79.7593	80.1336	80.497	80.8806	81.2631	81.6476	82.038
703	Slovakia	80.3454	80.5113	80.7631	81.055	81.3891	81.7298	82.0796	82.4432	82.8209	83.1891	83.5488	83.9211	84.2686	84.6459	84.9865	85.3462
804	Ukraine	76.0713	76.2251	76.4713	76.7533	77.0763	77.4056	77.7419	78.102	78.4589	78.8196	79.1793	79.5468	79.9089	80.2778	80.6529	81.0299
924	Northern Europe	82.9635	83.3159	83.8657	84.3186	84.7309	85.1906	85.6289	86.0566	86.4616	86.9134	87.3692	87.8226	88.2258	88.6931	89.1179	89.5249
830	Channel Islands	84.4515	84.665	84.9543	85.2808	85.631	86.0012	86.3729	86.7636	87.1595	87.5527	87.9542	88.3639	88.7698	89.1879	89.5989	90.0083
208	Denmark	82.3493	82.5524	82.8602	83.1962	83.5553	83.9223	84.298	84.6718	85.0516	85.427	85.8141	86.1945	86.5676	86.9621	87.3413	87.7335
233	Estonia	82.1457	82.3294	82.6014	82.9065	83.2388	83.5874	83.9432	84.2808	84.6413	85.0095	85.3657	85.7164	86.0924	86.4649	86.8412	87.2062
246	Finland	84.2856	84.5318	84.8549	85.1997	85.5746	85.9653	86.3445	86.7353	87.1255	87.5196	87.9121	88.3108	88.7055	89.0918	89.4813	89.8841
352	Iceland	84.0397	84.2584	84.5559	84.8861	85.2392	85.6019	85.9723	86.338	86.7126	87.0854	87.4711	87.8366	88.2262	88.602	88.9718	89.3429
372	Ireland	83.4406	83.6925	84.0191	84.3768	84.7415	85.1229	85.5271	85.9146	86.304	86.6955	87.1008	87.515	87.9124	88.3267	88.7251	89.1257
428	Latvia	79.3239	79.444	79.6554	79.9228	80.2089	80.5022	80.8183	81.1583	81.4853	81.8455	82.1679	82.5128	82.8683	83.2074	83.5512	83.8732
440	Lithuania	80.7172	80.8626	81.1128	81.4098	81.7226	82.0498	82.3754	82.7178	83.0549	83.4172	83.7762	84.1026	84.4467	84.7813	85.1044	85.4492
578	Norway	83.9198	84.1424	84.4334	84.7527	85.0873	85.4563	85.8234	86.2027	86.5651	86.9475	87.3382	87.7263	88.1029	88.4859	88.8705	89.2565
752	Sweden	84.1069	84.3345	84.6249	84.9543	85.3081	85.6762	86.0514	86.4309	86.8101	87.1979	87.5729	87.9551	88.3457	88.7442	89.1258	89.5333
826	United Kingdom	82.3738	82.5856	83.1158	83.4588	83.822	84.1833	84.5616	84.9392	85.3089	85.692	86.0793	86.4556	86.8316	87.2037	87.6032	87.9723
925	Southern Europe	84.6949	85.1434	85.6238	86.1028	86.6178	87.1213	87.6108	88.0987	88.5899	89.0367	89.478	89.9255	90.4439	90.9407	91.4469	91.915
8	Albania	79.4583	79.6621	80.2182	80.5595	80.9226	81.3137	81.7136	82.1032	82.5132	82.9244	83.3286	83.7485	84.1486	84.5625	84.9533	85.349
70	Bosnia and Herzegovina	79.2664	79.5032	79.8185	80.2046	80.5753	80.9614	81.384	81.7905	82.208	82.625	83.0397	83.4393	83.8388	84.2226	84.6228	84.9998
191	Croatia	81.0475	81.2779	81.6075	81.9709	82.342	82.7452	83.1467	83.557	83.9727	84.3806	84.758	85.1563	85.5581	85.9374	86.3186	86.6995
300	Greece	84.2243	84.4557	84.7684	85.1119	85.4825	85.8692	86.2541	86.6411	87.0394	87.4323	87.8344	88.239	88.6515	89.0598	89.4663	89.8693
380	Italy	85.1098	85.3661	85.6949	86.0541	86.4265	86.8054	87.2029	87.597	88.0116	88.4124	88.8124	89.2189	89.6254	90.0381	90.445	90.8521
470	Malta	83.8127	84.0472	84.3554	84.7061	85.0808	85.4497	85.8416	86.2312	86.625	87.0195	87.4231	87.7961	88.2167	88.6171	89.0253	89.4243
499	Montenegro	78.6842	78.9118	79.2415	79.5935	79.9697	80.3391	80.703	81.0772	81.4528	81.815	82.189	82.5753	82.9149	83.2659	83.6065	83.9242
807	North Macedonia	77.1785	77.366	77.6618	78.0075	78.3835	78.7655	79.1612	79.5684	79.9571	80.3548	80.7719	81.1512	81.5525	81.9665	82.3525	82.7633
620	Portugal	84.4212	84.7017	85.0437	85.4234	85.8172	86.2171	86.6401	87.0565	87.4748	87.9028	88.3399	88.7526	89.1974	89.6108	90.0231	90.4346
688	Serbia	77.9437	78.1307	78.4312	78.7491	79.1269	79.4959	79.8755	80.245	80.6435	81.0514	81.4575	81.8585	82.2751	82.6883	83.079	83.4823
705	Slovenia	83.5762	83.8106	84.1058	84.4412	84.8064	85.1706	85.5512	85.9236	86.3261	86.7254	87.1098	87.511	87.9163	88.3068	88.7101	89.124
724	Spain	85.8132	86.0748	86.4063	86.7625	87.1354	87.531	87.9349	88.3217	88.7114	89.1163	89.5207	89.9216	90.317	90.7097	91.1162	91.5129
926	Western Europe	84.2646	84.6853	85.1662	85.6384	86.0819	86.562	87.0355	87.5323	88.0245	88.5099	88.9793	89.422	89.9417	90.3997	90.8663	91.3263
40	Austria	83.3347	83.5714	84.0665	84.4195	84.782	85.1526	85.5351	85.9355	86.3197	86.7119	87.1051	87.5114	87.8887	88.2859	88.6773	89.0848
56	Belgium	83.4295	83.6678	83.9887	84.3444	84.7081	85.077	85.4785	85.8479	86.2335	86.6291	87.0192	87.4186	87.8139	88.211	88.6084	89.019
250	France	84.9586	85.2035	85.6818	86.0121	86.3884	86.7616	87.1468	87.5364	87.9367	88.3243	88.7282	89.1204	89.5226	89.9111	90.3091	90.7232
276	Germany	83.2623	83.4858	83.7955	84.1284	84.4939	84.868	85.2501	85.6406	86.016	86.4236	86.8194	87.2266	87.6265	88.0306	88.4439	88.8403
442	Luxembourg	83.9004	84.1434	84.4618	84.8141	85.1848	85.5634	85.9584	86.3396	86.7401	87.153	87.56	87.9746	88.3849	88.7865	89.2028	89.6248
528	Netherlands	83.4829	83.695	83.9764	84.2905	84.6275	84.9871	85.3493	85.7268	86.1096	86.4825	86.858	87.246	87.6238	88.0302	88.4131	88.7947
756	Switzerland	85.157	85.3949	85.7033	86.0485	86.4324	86.7997	87.1831	87.5644	87.9669	88.3563	88.7614	89.1619	89.5563	89.977	90.3921	90.7713
124	Canada	83.8793	84.1223	84.5488	84.8878	85.2407	85.6112	85.9861	86.3664	86.7538	87.132	87.5178	87.8961	88.2709	88.6555	89.0291	89.4166
840	United States of America	80.6673	80.858	81.451	81.7812	82.1402	82.4993	82.8754	83.2574	83.655	84.0326	84.3962	84.7699	85.1365	85.5068	85.8892	86.2769
