country_code	name	2020-2025	2025-2030	2030-2035	2035-2040	2040-2045	2045-2050	2050-2055	2055-2060	2060-2065	2065-2070	2070-2075	2075-2080	2080-2085	2085-2090	2090-2095	2095-2100
900	World	75.59108602	76.42584261	77.21030636	77.89868639	78.52944506	79.11597296	79.65701629	80.16151773	80.64164917	81.10316327	81.54338047	81.98013091	82.40736289	82.83904644	83.26452784	83.68912127
947	Sub-Saharan Africa	63.96215332	65.49068173	66.87579208	68.12753512	69.27051436	70.32563813	71.2979014	72.19596291	73.03071348	73.81450551	74.54546636	75.23586226	75.8850002	76.51013888	77.1119514	77.69702996
1833	Northern Africa and Western Asia	76.62484825	77.47189214	78.28633752	79.00207538	79.65909384	80.26992245	80.8431545	81.38120928	81.88798681	82.37478971	82.85023845	83.33312585	83.8140899	84.30555725	84.79082877	85.26222343
921	Central and Southern Asia	72.10831022	73.20867029	74.19694668	75.09926063	75.93643364	76.72569173	77.47057251	78.17237143	78.83713906	79.4736763	80.08544536	80.68736568	81.26558591	81.84984488	82.41613934	82.97407611
1832	Eastern and South-Eastern Asia	79.68612422	80.34409686	80.95919363	81.54188672	82.10514142	82.66196833	83.20846017	83.747139	84.28500242	84.80738526	85.3160164	85.83264621	86.34827619	86.8722188	87.38860948	87.9109129
1830	Latin America and the Caribbean	79.20413393	80.02750313	80.88200363	81.59312922	82.27377025	82.92553775	83.546123	84.14652658	84.72575727	85.29768417	85.8525608	86.40192417	86.94584568	87.48158532	88.01637481	88.54719963
927	Australia/New Zealand	85.5668172	86.14112489	86.72788287	87.30688681	87.87250561	88.44319621	89.01886979	89.59200457	90.16794208	90.74251034	91.32343316	91.88042159	92.44723407	93.01445316	93.58256124	94.1397673
1835	Oceania (excluding Australia and New Zealand)	68.93965642	69.9470109	70.84006267	71.6468311	72.38230947	73.06367746	73.69071152	74.3142829	74.8792818	75.45524389	76.03519551	76.60956076	77.17345315	77.74126422	78.29656079	78.83812261
1829	Europe and Northern America	82.10099596	82.73385362	83.45238928	84.06306782	84.66288746	85.24634506	85.79339851	86.32369213	86.86171516	87.42415112	88.00457715	88.58614431	89.15864964	89.68823179	90.20707321	90.73215464
903	Africa	65.97295902	67.37898909	68.67001813	69.84424503	70.91023756	71.88567339	72.77541797	73.58931123	74.33735769	75.03357669	75.67947906	76.29480823	76.88129147	77.45926598	78.02420607	78.57643222
935	Asia	76.43763624	77.30572506	78.09197886	78.79883712	79.44259691	80.04323295	80.61013728	81.1463304	81.66388245	82.16990665	82.67063734	83.18048776	83.68460793	84.208231	84.73092925	85.25792991
908	Europe	82.25014694	82.89588144	83.53941019	84.15475811	84.76940613	85.37413012	85.94367503	86.49281001	87.03597323	87.60668854	88.19917793	88.79714132	89.37598627	89.91522	90.43567568	90.96222967
904	Latin America and the Caribbean	79.20413393	80.02750313	80.88200363	81.59312922	82.27377025	82.92553775	83.546123	84.14652658	84.72575727	85.29768417	85.8525608	86.40192417	86.94584568	87.48158532	88.01637481	88.54719963
905	Northern America	81.96998357	82.56699591	83.43626982	84.020541	84.5889697	85.15067176	85.69292819	86.22648284	86.77555382	87.3179215	87.85126791	88.37206646	88.90968472	89.41979733	89.94500565	90.47867092
909	Oceania	81.23433115	81.89855411	82.49823722	83.0484107	83.55331836	84.04112037	84.51802	84.9984649	85.44917283	85.89249157	86.3350441	86.770252	87.23613706	87.73265215	88.23752835	88.72960103
901	More developed regions	82.82350815	83.44468871	84.13119875	84.71298519	85.28764915	85.85643909	86.40143182	86.93073395	87.4617968	88.00864402	88.56728128	89.13124706	89.6919798	90.21594995	90.73161779	91.25045601
902	Less developed regions	73.89515694	74.85195085	75.73920288	76.53828568	77.26338633	77.9240451	78.52473519	79.07484285	79.58952162	80.07920644	80.54125547	80.99053718	81.42084217	81.85737341	82.28793088	82.71818131
941	Least developed countries	68.05001661	69.4184878	70.6590196	71.78202626	72.81654673	73.76978682	74.6395581	75.42035482	76.13612844	76.79270105	77.39407622	77.95835027	78.49098139	79.00793921	79.51132969	80.01089706
934	Other less developed countries	75.10080213	75.98098164	76.79839138	77.53858801	78.21471911	78.83930837	79.41553439	79.95559445	80.46917263	80.96772858	81.4487156	81.92302742	82.37838681	82.84177869	83.29757292	83.7512231
948	Less developed regions, excluding China	72.31225241	73.35913898	74.32810679	75.19431485	75.98485117	76.70982108	77.37209545	77.98059579	78.5456363	79.07987606	79.5820046	80.06844661	80.53219478	80.99341709	81.44274122	81.88677276
1636	Land-locked Developing Countries (LLDC)	68.91709773	70.2597827	71.45633179	72.52420087	73.47870402	74.34019417	75.13326918	75.86673188	76.55763236	77.20033513	77.80492756	78.37689112	78.93098359	79.47578975	80.00592087	80.52812474
1637	Small Island Developing States (SIDS)	75.41051002	76.35248678	77.23650847	77.96259953	78.58330961	79.11894042	79.59105654	80.04942575	80.47101104	80.88976916	81.30007362	81.70666161	82.10086781	82.49221134	82.8927752	83.29233081
1503	High-income countries	84.00360744	84.59013899	85.26235299	85.80770361	86.33340343	86.84996661	87.35240308	87.84897474	88.35063643	88.85920119	89.36422575	89.87230846	90.39189584	90.90027785	91.41264757	91.92166763
1517	Middle-income countries	74.69477485	75.57843831	76.40092801	77.15466233	77.84724433	78.48970754	79.0842539	79.64011632	80.1646706	80.67087381	81.15629521	81.63208063	82.0859466	82.54636337	82.99845367	83.44583629
1502	Upper-middle-income countries	79.04515854	79.80181051	80.53122504	81.21374089	81.86796262	82.50122542	83.1044009	83.68728356	84.25886707	84.817859	85.36419643	85.91032174	86.44733595	86.97475194	87.48496782	87.99614235
1501	Lower-middle-income countries	71.05799135	72.08468217	73.02423076	73.88694228	74.68757554	75.4415013	76.15033108	76.81891726	77.4457387	78.04125748	78.60167435	79.14060178	79.64368879	80.14369327	80.62599129	81.09615948
1500	Low-income countries	67.00361964	68.49257331	69.81574015	70.97893393	72.02813063	72.9794659	73.84516854	74.63203153	75.36772485	76.05215691	76.69620966	77.31184821	77.90482059	78.48192594	79.04357673	79.59739968
1518	No income group available	83.39293248	84.0196663	84.62485088	85.12637339	85.58710556	86.02046619	86.42020135	86.8044171	87.1956491	87.62176406	88.0955823	88.61934203	89.1687312	89.71200956	90.22344439	90.69733766
910	Eastern Africa	67.94243061	69.47827893	70.84296514	72.05526385	73.15021651	74.14384189	75.05454412	75.89286247	76.67850704	77.41898044	78.12424446	78.79925618	79.44972812	80.07721097	80.68347202	81.27624672
108	Burundi	64.56	66.22	67.73	69.1	70.35	71.49	72.53	73.48	74.38	75.21	75.98	76.71	77.42	78.11	78.76	79.41
174	Comoros	66.88	67.9	68.82	69.68	70.48	71.24	71.97	72.66	73.33	73.97	74.61	75.22	75.83	76.42	77	77.57
262	Djibouti	70.16	71.43	72.57	73.6	74.54	75.41	76.22	76.98	77.72	78.4	79.09	79.73	80.36	81	81.6	82.19
232	Eritrea	69.75	71.28	72.61	73.76	74.77	75.69	76.54	77.33	78.09	78.79	79.49	80.14	80.79	81.41	82.02	82.61
231	Ethiopia	69.8	71.44	72.85	74.07	75.15	76.12	77	77.82	78.58	79.3	79.99	80.65	81.3	81.93	82.54	83.13
404	Kenya	69.87	71.09	72.18	73.18	74.1	74.96	75.77	76.54	77.28	78	78.69	79.37	80.03	80.68	81.34	81.96
450	Madagascar	69.92	71.5	72.86	74.04	75.11	76.07	76.95	77.75	78.52	79.24	79.94	80.62	81.26	81.88	82.5	83.1
454	Malawi	68.77	70.68	72.3	73.69	74.9	75.96	76.91	77.77	78.58	79.35	80.05	80.74	81.4	82.04	82.65	83.26
480	Mauritius	78.92	79.57	80.21	80.83	81.44	82.04	82.62	83.19	83.77	84.31	84.86	85.38	85.92	86.45	86.98	87.52
175	Mayotte	83.24	83.93	84.97	85.61	86.24	86.85	87.46	88.05	88.63	89.21	89.78	90.34	90.92	91.48	92.04	92.58
508	Mozambique	64.95	66.86	68.57	70.06	71.4	72.6	73.66	74.62	75.51	76.32	77.1	77.83	78.53	79.21	79.84	80.5
638	Reunion	84.45	85.13	85.78	86.43	87.06	87.67	88.27	88.86	89.46	90.04	90.62	91.18	91.74	92.31	92.89	93.45
646	Rwanda	72.16	73.6	74.84	75.94	76.94	77.83	78.66	79.43	80.16	80.85	81.53	82.18	82.81	83.42	84.01	84.58
690	Seychelles	77.71	78.33	79.13	79.74	80.32	80.9	81.47	82.02	82.59	83.15	83.68	84.22	84.76	85.28	85.8	86.33
706	Somalia	60.11	61.49	62.82	64.07	65.23	66.29	67.31	68.24	69.1	69.91	70.68	71.42	72.12	72.8	73.45	74.07
728	South Sudan	60.31	61.62	62.86	64	65.05	66.03	66.94	67.79	68.59	69.35	70.06	70.77	71.43	72.05	72.66	73.26
800	Uganda	66.67	68.2	69.6	70.84	71.98	72.99	73.95	74.82	75.63	76.41	77.14	77.84	78.52	79.17	79.8	80.42
834	United Republic of Tanzania	68.25	69.74	71.07	72.26	73.33	74.33	75.24	76.08	76.86	77.6	78.31	78.99	79.65	80.3	80.93	81.55
894	Zambia	67.71	69.06	70.3	71.41	72.44	73.38	74.26	75.06	75.85	76.6	77.31	77.98	78.64	79.29	79.91	80.52
716	Zimbabwe	63.66	65.03	66.32	67.51	68.63	69.68	70.65	71.57	72.44	73.24	74.03	74.78	75.49	76.16	76.82	77.48
911	Middle Africa	62.62638116	64.07781445	65.41899102	66.65383989	67.78081095	68.82074776	69.78147822	70.66944605	71.49885909	72.28023157	73.01591787	73.72667227	74.39522967	75.04211354	75.67421115	76.28424873
24	Angola	65.12	66.67	68.03	69.26	70.33	71.29	72.16	72.96	73.7	74.4	75.06	75.7	76.29	76.88	77.44	78
120	Cameroon	61.66	63.21	64.63	65.96	67.14	68.24	69.25	70.19	71.06	71.89	72.68	73.42	74.11	74.81	75.49	76.13
140	Central African Republic	56.58	58.2	59.71	61.11	62.4	63.55	64.61	65.56	66.44	67.25	68	68.72	69.41	70.04	70.67	71.26
148	Chad	56.65	58.06	59.46	60.79	62.07	63.29	64.43	65.52	66.52	67.45	68.34	69.16	69.92	70.68	71.38	72.05
178	Congo	66.73	67.81	68.75	69.64	70.47	71.24	72	72.72	73.39	74.06	74.71	75.35	75.97	76.58	77.19	77.77
180	Dem. Republic of the Congo	63.21	64.59	65.88	67.06	68.13	69.12	70.04	70.88	71.68	72.42	73.12	73.8	74.44	75.05	75.66	76.25
226	Equatorial Guinea	61.08	62.64	64.07	65.36	66.53	67.58	68.51	69.38	70.17	70.93	71.62	72.32	72.96	73.58	74.17	74.76
266	Gabon	69.27	70.21	71.07	71.88	72.64	73.36	74.04	74.7	75.36	75.98	76.6	77.2	77.8	78.39	78.95	79.54
678	Sao Tome and Principe	73.5	74.48	75.39	76.23	77.03	77.8	78.53	79.23	79.92	80.58	81.21	81.84	82.46	83.06	83.64	84.21
913	Southern Africa	68.12964501	69.32222882	70.37230134	71.32798996	72.1997415	73.02784899	73.79146816	74.51176399	75.20205792	75.88512073	76.52988442	77.15246983	77.76500186	78.35930928	78.9482273	79.53618298
72	Botswana	72.69	73.47	74.21	74.92	75.6	76.26	76.9	77.52	78.12	78.72	79.31	79.89	80.45	81.01	81.58	82.14
748	Eswatini	65.67	67.21	68.54	69.66	70.66	71.53	72.34	73.08	73.78	74.44	75.06	75.66	76.23	76.81	77.35	77.89
426	Lesotho	58.9	60.94	62.79	64.47	65.96	67.32	68.53	69.61	70.63	71.56	72.42	73.23	73.99	74.74	75.44	76.13
516	Namibia	67.67	69.23	70.55	71.69	72.71	73.62	74.47	75.25	75.99	76.72	77.41	78.07	78.7	79.31	79.92	80.53
710	South Africa	68.42	69.55	70.55	71.47	72.31	73.12	73.86	74.56	75.24	75.91	76.54	77.16	77.76	78.35	78.93	79.51
914	Western Africa	60.082654	61.68555088	63.16787174	64.52179426	65.76108159	66.89979256	67.93925993	68.89249181	69.76745191	70.58798614	71.35241914	72.0712173	72.74250008	73.39851825	74.03277672	74.65055023
204	Benin	64.45	65.84	67.06	68.13	69.07	69.98	70.79	71.56	72.3	73.02	73.7	74.37	75.01	75.63	76.24	76.86
854	Burkina Faso	63.78	65.74	67.41	68.87	70.13	71.24	72.24	73.14	73.99	74.78	75.54	76.24	76.92	77.59	78.22	78.84
132	Cabo Verde	76.83	77.68	78.47	79.22	79.92	80.6	81.25	81.87	82.49	83.11	83.7	84.28	84.83	85.37	85.92	86.46
384	Cote d'Ivoire	60.13	61.43	62.57	63.59	64.52	65.4	66.22	66.99	67.74	68.45	69.16	69.85	70.53	71.18	71.85	72.51
270	Gambia	64.73	66.23	67.5	68.61	69.58	70.5	71.33	72.09	72.84	73.56	74.25	74.9	75.52	76.14	76.75	77.36
288	Ghana	66.13	67.43	68.59	69.64	70.63	71.53	72.37	73.16	73.92	74.63	75.33	76.02	76.67	77.3	77.92	78.51
324	Guinea	63.25	64.83	66.25	67.51	68.61	69.61	70.51	71.33	72.09	72.81	73.48	74.15	74.76	75.38	75.97	76.55
624	Guinea-Bissau	61.33	62.85	64.27	65.57	66.76	67.81	68.78	69.66	70.49	71.26	71.99	72.69	73.35	73.99	74.59	75.2
430	Liberia	66.48	67.82	69	70.04	70.99	71.86	72.65	73.4	74.1	74.77	75.4	76.02	76.63	77.21	77.77	78.32
466	Mali	61.39	63.1	64.52	65.75	66.8	67.7	68.54	69.29	70	70.67	71.29	71.91	72.49	73.08	73.64	74.21
478	Mauritania	67.24	68.2	69.07	69.89	70.65	71.38	72.07	72.73	73.38	74.02	74.64	75.24	75.84	76.41	76.99	77.55
562	Niger	64.89	66.61	68.12	69.43	70.55	71.59	72.48	73.29	74.05	74.74	75.4	76.03	76.64	77.23	77.79	78.34
566	Nigeria	56.75	58.37	59.93	61.38	62.74	64	65.15	66.21	67.16	68.05	68.87	69.63	70.33	71.01	71.66	72.29
686	Senegal	70.88	72.17	73.29	74.29	75.22	76.06	76.85	77.59	78.29	78.99	79.65	80.31	80.93	81.54	82.13	82.72
694	Sierra Leone	56.78	58.64	60.4	62.04	63.5	64.84	66.03	67.08	68.03	68.91	69.68	70.41	71.11	71.79	72.42	73.03
768	Togo	63.08	64.55	65.84	66.98	67.99	68.92	69.79	70.59	71.4	72.16	72.9	73.6	74.3	74.97	75.62	76.28
912	Northern Africa	75.1498632	76.06642929	76.93638634	77.74883071	78.49354607	79.18447022	79.82650176	80.42700367	80.98906137	81.52356128	82.03395325	82.5476153	83.04888808	83.56709113	84.08093431	84.58198956
12	Algeria	78.76	79.63	80.42	81.17	81.88	82.57	83.22	83.85	84.46	85.06	85.64	86.21	86.77	87.33	87.89	88.44
818	Egypt	74.95	75.78	76.55	77.29	77.99	78.66	79.29	79.92	80.53	81.13	81.71	82.3	82.86	83.42	83.97	84.5
434	Libya	76.46	77.17	77.84	78.49	79.12	79.73	80.34	80.94	81.52	82.09	82.65	83.21	83.75	84.29	84.84	85.37
504	Morocco	78.66	79.68	80.6	81.45	82.23	82.98	83.69	84.35	84.99	85.6	86.21	86.8	87.38	87.96	88.51	89.08
729	Sudan	68.03	69.2	70.27	71.28	72.22	73.1	73.93	74.7	75.45	76.18	76.87	77.54	78.18	78.82	79.45	80.05
788	Tunisia	79.34	80.16	80.92	81.62	82.3	82.95	83.57	84.18	84.76	85.32	85.88	86.42	86.97	87.5	88.03	88.58
732	Western Sahara	73.19	74.34	75.37	76.29	77.14	77.94	78.68	79.38	80.06	80.72	81.35	81.97	82.58	83.18	83.76	84.31
922	Western Asia	78.03325969	78.79543649	79.54949526	80.1680613	80.73958587	81.27361353	81.78120147	82.26292681	82.72554348	83.1792232	83.63407679	84.09917845	84.57356783	85.05332764	85.52786819	85.98944342
51	Armenia	78.9	79.49	80.07	80.64	81.2	81.75	82.3	82.85	83.4	83.92	84.43	84.96	85.47	85.99	86.5	87.02
31	Azerbaijan	75.87	76.48	77.08	77.68	78.27	78.86	79.43	80	80.57	81.13	81.69	82.24	82.81	83.37	83.91	84.46
48	Bahrain	78.88	79.55	80.18	80.8	81.41	82	82.57	83.14	83.7	84.24	84.79	85.32	85.84	86.37	86.9	87.42
196	Cyprus	83.45	84.06	84.65	85.23	85.8	86.37	86.93	87.49	88.04	88.6	89.14	89.68	90.23	90.77	91.31	91.85
268	Georgia	78.54	79.15	79.76	80.34	80.91	81.49	82.06	82.62	83.17	83.72	84.26	84.79	85.32	85.84	86.36	86.88
368	Iraq	73.21	73.97	74.69	75.38	76.02	76.65	77.27	77.86	78.45	79.03	79.59	80.15	80.7	81.23	81.77	82.31
376	Israel	84.91	85.49	86.07	86.65	87.23	87.8	88.36	88.93	89.49	90.06	90.63	91.19	91.75	92.31	92.87	93.44
400	Jordan	76.82	77.53	78.2	78.85	79.48	80.11	80.71	81.29	81.88	82.45	83.01	83.56	84.1	84.63	85.16	85.69
414	Kuwait	77.06	77.73	78.37	79	79.6	80.18	80.76	81.33	81.89	82.43	82.98	83.53	84.06	84.58	85.09	85.61
422	Lebanon	81.17	81.82	82.71	83.35	83.96	84.56	85.15	85.73	86.31	86.88	87.45	88.01	88.59	89.15	89.71	90.26
512	Oman	80.94	81.78	82.56	83.3	84.01	84.69	85.33	85.96	86.57	87.17	87.77	88.35	88.93	89.5	90.06	90.61
634	Qatar	82.49	83.16	83.81	84.44	85.05	85.64	86.22	86.79	87.36	87.92	88.47	89.02	89.56	90.1	90.66	91.2
682	Saudi Arabia	77.37	78.17	78.91	79.62	80.29	80.93	81.55	82.16	82.75	83.31	83.87	84.43	84.95	85.48	86.01	86.53
275	State of Palestine	76.38	77.21	77.98	78.7	79.39	80.05	80.7	81.32	81.93	82.52	83.11	83.68	84.23	84.78	85.33	85.85
760	Syrian Arab Republic	79.11	79.94	80.71	81.43	82.11	82.76	83.38	83.99	84.58	85.14	85.7	86.25	86.78	87.32	87.84	88.38
792	Turkey	81.21	82.12	82.97	83.76	84.5	85.18	85.85	86.5	87.13	87.75	88.34	88.92	89.5	90.08	90.65	91.2
784	United Arab Emirates	79.8	80.49	81.15	81.8	82.42	83.02	83.62	84.19	84.76	85.31	85.87	86.42	86.97	87.51	88.04	88.56
887	Yemen	68.16	69.01	70.26	70.99	71.69	72.37	73.01	73.62	74.23	74.84	75.43	76	76.58	77.15	77.72	78.27
5500	Central Asia	75.40425848	76.05654954	76.68305707	77.28646096	77.8696272	78.44775314	79.00842807	79.5726077	80.12150928	80.68012249	81.23583011	81.79286044	82.34511957	82.91027064	83.47361472	84.02338142
398	Kazakhstan	77.97	78.58	79.2	79.79	80.38	80.96	81.53	82.1	82.67	83.23	83.78	84.33	84.86	85.4	85.93	86.47
417	Kyrgyzstan	76.03	76.7	77.34	77.97	78.58	79.19	79.79	80.37	80.96	81.53	82.1	82.66	83.22	83.79	84.33	84.87
762	Tajikistan	74.11	75.1	76	76.84	77.61	78.34	79.02	79.67	80.3	80.92	81.5	82.06	82.62	83.16	83.69	84.2
795	Turkmenistan	72.19	72.86	73.52	74.16	74.79	75.4	76	76.59	77.18	77.77	78.34	78.9	79.45	80.02	80.57	81.12
860	Uzbekistan	74.26	74.89	75.5	76.11	76.71	77.3	77.87	78.45	79.01	79.58	80.14	80.69	81.23	81.77	82.32	82.86
5501	Southern Asia	71.97672669	73.09443333	74.09467052	75.00526908	75.85087808	76.64961536	77.40313253	78.11030601	78.77852957	79.41716986	80.0304594	80.63348928	81.21208941	81.79641541	82.36185584	82.91916008
4	Afghanistan	67.59	69.08	70.35	71.46	72.45	73.33	74.17	74.94	75.68	76.4	77.08	77.73	78.38	79	79.61	80.21
50	Bangladesh	75.6	76.87	77.98	78.97	79.86	80.68	81.45	82.19	82.88	83.54	84.18	84.8	85.39	85.96	86.54	87.11
64	Bhutan	73.33	74.73	75.91	76.94	77.86	78.69	79.47	80.19	80.89	81.56	82.21	82.83	83.46	84.05	84.63	85.18
356	India	71.8	72.94	73.94	74.86	75.71	76.5	77.25	77.96	78.64	79.31	79.95	80.59	81.2	81.81	82.4	82.98
364	Iran (Islamic Republic of)	78.54	79.44	80.27	81.04	81.79	82.5	83.18	83.83	84.46	85.06	85.65	86.23	86.81	87.38	87.94	88.51
462	Maldives	81.58	82.65	83.6	84.45	85.22	85.95	86.64	87.31	87.95	88.57	89.17	89.76	90.35	90.92	91.49	92.05
524	Nepal	73.23	74.49	75.58	76.54	77.41	78.22	78.98	79.69	80.38	81.04	81.67	82.29	82.9	83.49	84.07	84.62
586	Pakistan	68.9	69.75	70.57	71.36	72.11	72.84	73.56	74.26	74.94	75.62	76.28	76.93	77.57	78.22	78.85	79.47
144	Sri Lanka	80.74	81.43	82.09	82.72	83.35	83.95	84.54	85.12	85.69	86.26	86.82	87.37	87.93	88.47	89.02	89.57
906	Eastern Asia	81.00983638	81.64022367	82.22822183	82.8032626	83.37130161	83.95018738	84.52915028	85.10588291	85.68053977	86.23245958	86.77013763	87.32080647	87.87518542	88.42902239	88.95767616	89.49130512
156	China	79.73	80.47	81.17	81.85	82.51	83.14	83.75	84.34	84.93	85.5	86.06	86.62	87.18	87.73	88.27	88.82
344	China, Hong Kong SAR	88.17	88.78	89.39	90	90.59	91.19	91.77	92.35	92.93	93.51	94.09	94.65	95.23	95.8	96.37	96.93
446	China, Macao SAR	87.62	88.27	88.9	89.52	90.12	90.72	91.32	91.9	92.49	93.07	93.65	94.23	94.79	95.37	95.93	96.49
158	China, Taiwan Province of China	83.64	84.26	84.87	85.47	86.05	86.63	87.2	87.77	88.34	88.89	89.46	90.02	90.58	91.12	91.67	92.23
408	Dem. People's Rep. of Korea	76.37	77.26	78.07	78.84	79.57	80.27	80.93	81.58	82.21	82.81	83.42	84.01	84.57	85.14	85.69	86.24
392	Japan	88.09	88.71	89.31	89.91	90.49	91.06	91.64	92.2	92.76	93.31	93.87	94.43	94.98	95.53	96.08	96.63
496	Mongolia	74.79	75.7	76.55	77.34	78.1	78.83	79.52	80.19	80.84	81.48	82.1	82.72	83.31	83.9	84.46	85.03
410	Republic of Korea	86.42	87.11	87.79	88.43	89.07	89.7	90.32	90.92	91.52	92.11	92.69	93.28	93.86	94.42	95	95.56
920	South-Eastern Asia	76.35504828	77.15600753	77.92390397	78.63446368	79.29721605	79.91485114	80.50253602	81.07328631	81.63485478	82.18780327	82.73239652	83.27617131	83.80441866	84.3360702	84.86906925	85.40118488
96	Brunei Darussalam	77.64	78.36	79.06	79.73	80.37	80.99	81.59	82.2	82.78	83.35	83.93	84.47	85.01	85.56	86.09	86.62
116	Cambodia	72.69	73.77	74.74	75.62	76.42	77.17	77.87	78.53	79.18	79.78	80.39	80.97	81.54	82.11	82.66	83.17
360	Indonesia	74.64	75.59	76.46	77.27	78.04	78.77	79.47	80.15	80.81	81.44	82.06	82.67	83.26	83.84	84.41	84.97
418	Lao People's Dem. Republic	70.79	72.18	73.38	74.43	75.37	76.22	77	77.71	78.39	79.02	79.65	80.25	80.82	81.38	81.93	82.46
458	Malaysia	78.78	79.46	80.11	80.75	81.37	81.98	82.57	83.16	83.74	84.3	84.85	85.4	85.94	86.48	87.03	87.57
104	Myanmar	70.81	71.75	72.63	73.44	74.2	74.92	75.62	76.29	76.94	77.58	78.19	78.79	79.38	79.97	80.55	81.11
608	Philippines	75.92	76.54	77.15	77.75	78.33	78.92	79.5	80.07	80.62	81.18	81.74	82.3	82.85	83.4	83.95	84.49
702	Singapore	86.15	86.76	87.37	87.96	88.55	89.14	89.72	90.31	90.88	91.46	92.03	92.59	93.17	93.73	94.29	94.86
764	Thailand	81.34	82.05	82.73	83.38	84.02	84.63	85.22	85.81	86.39	86.96	87.53	88.09	88.63	89.19	89.74	90.29
626	Timor-Leste	72.36	73.35	74.23	75.04	75.79	76.5	77.16	77.81	78.44	79.02	79.61	80.19	80.75	81.3	81.85	82.39
704	Viet Nam	79.85	80.4	81.05	81.59	82.13	82.68	83.22	83.75	84.28	84.81	85.32	85.85	86.37	86.9	87.43	87.95
915	Caribbean	75.94193525	76.86559243	77.77521953	78.51998937	79.1840021	79.7781689	80.30657255	80.81925357	81.31292815	81.82220327	82.33234048	82.85500294	83.36369448	83.8553519	84.35597686	84.83805982
28	Antigua and Barbuda	78.58	79.25	79.91	80.54	81.15	81.75	82.35	82.94	83.52	84.08	84.63	85.18	85.71	86.26	86.8	87.34
533	Aruba	79.1	79.73	80.36	80.97	81.55	82.13	82.69	83.24	83.8	84.33	84.85	85.37	85.88	86.39	86.9	87.41
44	Bahamas	76.51	77.13	77.73	78.33	78.92	79.49	80.06	80.62	81.17	81.73	82.27	82.82	83.37	83.89	84.41	84.93
52	Barbados	80.85	81.49	82.26	82.87	83.48	84.06	84.63	85.18	85.73	86.28	86.81	87.36	87.88	88.41	88.94	89.47
192	Cuba	81.12	81.79	82.66	83.28	83.88	84.46	85.03	85.58	86.13	86.68	87.22	87.76	88.29	88.81	89.33	89.86
531	Curacao	82.08	82.73	83.35	83.97	84.56	85.14	85.71	86.27	86.83	87.38	87.93	88.48	89.02	89.55	90.1	90.62
214	Dominican Republic	77.9	78.65	79.37	80.06	80.71	81.36	81.99	82.6	83.2	83.78	84.35	84.91	85.46	86	86.54	87.09
308	Grenada	75.16	75.82	76.93	77.55	78.15	78.75	79.32	79.9	80.46	81.02	81.56	82.1	82.64	83.18	83.7	84.22
312	Guadeloupe	85.94	86.63	87.29	87.93	88.56	89.19	89.79	90.39	90.97	91.56	92.14	92.71	93.29	93.86	94.42	94.98
332	Haiti	67.21	68.57	69.78	70.86	71.83	72.72	73.56	74.36	75.1	75.82	76.49	77.16	77.81	78.42	79.05	79.65
388	Jamaica	76.6	77.26	77.89	78.5	79.1	79.69	80.28	80.85	81.41	81.97	82.52	83.08	83.62	84.14	84.67	85.19
474	Martinique	86.1	86.78	87.45	88.1	88.72	89.34	89.94	90.54	91.13	91.71	92.28	92.86	93.43	93.99	94.55	95.12
630	Puerto Rico	83.92	84.52	85.12	85.68	86.25	86.81	87.37	87.92	88.47	89.01	89.55	90.08	90.62	91.15	91.69	92.22
662	Saint Lucia	78.06	78.73	79.39	80.01	80.63	81.22	81.81	82.4	82.98	83.54	84.09	84.62	85.17	85.7	86.24	86.76
670	St. Vincent and the Grenadines	75.62	76.29	76.93	77.55	78.17	78.77	79.35	79.91	80.49	81.05	81.6	82.16	82.7	83.23	83.77	84.29
780	Trinidad and Tobago	76.66	77.3	77.93	78.53	79.13	79.72	80.3	80.88	81.45	82.01	82.57	83.13	83.67	84.21	84.74	85.28
850	United States Virgin Islands	83.52	84.16	84.77	85.37	85.95	86.55	87.13	87.71	88.27	88.84	89.41	89.97	90.54	91.1	91.67	92.23
916	Central America	78.33342217	79.12355319	80.20974585	80.91003821	81.5911364	82.24602447	82.87724289	83.50172622	84.10103548	84.67694809	85.23847434	85.80386418	86.3467249	86.88957074	87.42993811	87.96698324
84	Belize	78.25	78.91	79.55	80.18	80.79	81.37	81.96	82.54	83.12	83.68	84.23	84.77	85.3	85.83	86.36	86.9
188	Costa Rica	83.39	84.09	84.76	85.4	86.02	86.62	87.22	87.8	88.37	88.93	89.49	90.03	90.58	91.11	91.65	92.19
222	El Salvador	78.48	79.35	80.17	80.93	81.65	82.35	83.01	83.66	84.27	84.86	85.45	86.01	86.58	87.14	87.69	88.23
320	Guatemala	77.89	78.86	79.76	80.58	81.36	82.09	82.79	83.46	84.11	84.72	85.32	85.9	86.49	87.05	87.6	88.16
340	Honduras	78.14	78.96	79.72	80.44	81.13	81.79	82.43	83.05	83.66	84.25	84.82	85.38	85.93	86.49	87.03	87.58
484	Mexico	78.17	78.93	80.1	80.78	81.44	82.07	82.68	83.29	83.88	84.44	84.99	85.55	86.08	86.62	87.15	87.68
558	Nicaragua	78.65	79.55	80.39	81.17	81.9	82.61	83.29	83.93	84.55	85.16	85.75	86.32	86.9	87.48	88.04	88.59
591	Panama	82.2	82.87	83.51	84.14	84.74	85.33	85.9	86.48	87.04	87.6	88.15	88.71	89.26	89.81	90.35	90.9
931	South America	79.83882643	80.66747555	81.42800966	82.14542195	82.83356416	83.49491349	84.12381652	84.72538605	85.30930534	85.89196672	86.4549261	87.00628576	87.56183466	88.10554222	88.64635972	89.18211327
32	Argentina	80.42	81.03	81.64	82.23	82.82	83.4	83.97	84.52	85.08	85.64	86.19	86.73	87.28	87.83	88.37	88.91
68	Bolivia (Plurinational State of)	75.35	76.49	77.46	78.34	79.12	79.85	80.54	81.18	81.79	82.37	82.94	83.5	84.04	84.56	85.05	85.55
76	Brazil	80.14	80.98	81.76	82.5	83.2	83.88	84.53	85.15	85.76	86.37	86.95	87.52	88.11	88.67	89.23	89.79
152	Chile	82.8	83.54	84.53	85.18	85.82	86.45	87.05	87.64	88.23	88.8	89.35	89.91	90.46	91.01	91.55	92.1
170	Colombia	80.54	81.27	81.96	82.64	83.29	83.91	84.53	85.12	85.7	86.27	86.84	87.4	87.95	88.5	89.06	89.59
218	Ecuador	80.45	81.29	82.07	82.81	83.51	84.18	84.81	85.43	86.04	86.62	87.2	87.77	88.34	88.9	89.44	90
254	French Guiana	83.38	84.05	84.94	85.57	86.17	86.78	87.37	87.97	88.55	89.12	89.7	90.27	90.84	91.4	91.96	92.51
328	Guyana	73.53	74.18	74.8	75.42	76.02	76.61	77.19	77.76	78.32	78.88	79.45	80.02	80.57	81.1	81.65	82.19
600	Paraguay	76.78	77.38	77.96	78.54	79.12	79.68	80.26	80.83	81.39	81.96	82.51	83.07	83.61	84.16	84.69	85.22
604	Peru	80.15	81.04	81.88	82.66	83.38	84.09	84.76	85.39	86.02	86.63	87.22	87.8	88.38	88.95	89.52	90.09
740	Suriname	75.55	76.22	76.87	77.51	78.13	78.73	79.33	79.91	80.5	81.06	81.63	82.19	82.74	83.28	83.83	84.36
858	Uruguay	81.88	82.45	83.03	83.6	84.17	84.73	85.28	85.82	86.37	86.93	87.48	88.03	88.57	89.12	89.67	90.21
862	Venezuela (Bolivarian Republic of)	76.25	77.54	78.21	78.87	79.5	80.11	80.7	81.27	81.84	82.4	82.95	83.48	84.01	84.53	85.05	85.55
36	Australia	85.8	86.38	86.96	87.54	88.11	88.68	89.25	89.82	90.39	90.96	91.54	92.09	92.66	93.22	93.8	94.35
554	New Zealand	84.38	84.96	85.53	86.1	86.67	87.24	87.81	88.36	88.94	89.5	90.08	90.64	91.2	91.76	92.31	92.89
928	Melanesia	67.93888256	68.95007681	69.85393911	70.68262925	71.45414078	72.18206853	72.85902256	73.53203658	74.14009985	74.75307169	75.36563649	75.97076546	76.56508004	77.16424078	77.74979297	78.32168677
242	Fiji	69.97	70.81	71.62	72.38	73.13	73.84	74.54	75.22	75.88	76.52	77.17	77.8	78.43	79.05	79.66	80.27
540	New Caledonia	80.89	81.61	82.29	82.94	83.58	84.2	84.8	85.37	85.96	86.54	87.1	87.67	88.22	88.77	89.33	89.88
598	Papua New Guinea	66.62	67.65	68.57	69.41	70.2	70.94	71.64	72.35	72.98	73.63	74.26	74.87	75.47	76.06	76.64	77.21
90	Solomon Islands	75.31	75.98	76.65	77.29	77.92	78.54	79.14	79.74	80.34	80.92	81.51	82.08	82.66	83.21	83.78	84.33
548	Vanuatu	72.75	73.55	74.29	75.02	75.7	76.36	76.99	77.62	78.22	78.82	79.4	79.98	80.54	81.11	81.67	82.21
954	Micronesia	77.19815449	78.00360104	78.72196363	79.37444234	79.99499197	80.60696365	81.18982965	81.73452081	82.23951782	82.75462451	83.29489461	83.86385132	84.4331243	84.96713715	85.48104617	85.98157745
316	Guam	83.98	84.64	85.28	85.9	86.52	87.13	87.73	88.33	88.91	89.5	90.07	90.65	91.22	91.78	92.36	92.93
296	Kiribati	73.12	74.17	75.12	76.01	76.83	77.61	78.35	79.05	79.72	80.38	81.02	81.64	82.25	82.84	83.43	84.01
583	Micronesia (Fed. States of)	70.07	70.73	71.4	72.02	72.64	73.25	73.85	74.44	75.01	75.58	76.13	76.68	77.24	77.79	78.35	78.89
957	Polynesia	77.73487236	78.54471136	79.29604426	80.0011553	80.66152695	81.28990387	81.88681909	82.45621956	83.0020617	83.52553275	84.01159548	84.47549268	84.9396394	85.40668294	85.89340462	86.36754229
258	French Polynesia	80.41	81.15	81.85	82.53	83.19	83.83	84.46	85.06	85.65	86.24	86.81	87.38	87.94	88.5	89.07	89.63
882	Samoa	75.97	76.69	77.38	78.04	78.69	79.34	79.96	80.56	81.17	81.77	82.35	82.92	83.49	84.04	84.6	85.14
776	Tonga	73.38	74.04	74.7	75.33	75.96	76.55	77.14	77.72	78.3	78.87	79.43	79.99	80.55	81.08	81.63	82.17
923	Eastern Europe	79.01891604	79.64022852	80.23157451	80.81956456	81.39815572	81.96585252	82.51890528	83.06928609	83.61202021	84.15302551	84.69847763	85.22766152	85.73856134	86.23892227	86.74088339	87.2573133
112	Belarus	79.9	80.46	81.02	81.56	82.1	82.63	83.17	83.68	84.18	84.68	85.17	85.66	86.15	86.65	87.14	87.63
100	Bulgaria	79.06	79.64	80.2	80.75	81.3	81.83	82.35	82.88	83.39	83.89	84.39	84.88	85.36	85.85	86.34	86.82
203	Czechia	82.35	82.94	83.53	84.1	84.66	85.22	85.76	86.31	86.85	87.4	87.93	88.46	89	89.54	90.07	90.6
348	Hungary	80.66	81.25	81.84	82.4	82.97	83.52	84.08	84.62	85.15	85.68	86.21	86.74	87.28	87.8	88.32	88.85
616	Poland	82.98	83.6	84.19	84.77	85.35	85.92	86.49	87.04	87.6	88.15	88.69	89.25	89.8	90.34	90.88	91.42
498	Republic of Moldova	76.53	77.13	77.72	78.29	78.87	79.43	80	80.57	81.12	81.66	82.22	82.76	83.3	83.83	84.36	84.89
642	Romania	79.91	80.5	81.09	81.67	82.23	82.81	83.37	83.91	84.46	85	85.53	86.06	86.58	87.11	87.65	88.17
643	Russian Federation	78.15	78.76	79.35	79.93	80.51	81.08	81.64	82.2	82.75	83.28	83.83	84.35	84.86	85.37	85.89	86.42
703	Slovakia	81.35	81.93	82.51	83.07	83.62	84.16	84.7	85.23	85.75	86.26	86.79	87.3	87.83	88.35	88.86	89.38
804	Ukraine	77.27	77.9	78.5	79.1	79.69	80.25	80.82	81.37	81.92	82.45	82.99	83.51	84.03	84.54	85.04	85.54
924	Northern Europe	83.54996615	84.16659361	84.88953359	85.47201958	86.03529718	86.60880196	87.17527264	87.73782374	88.2799078	88.84628397	89.39977818	89.94220982	90.48988358	91.03054778	91.56200987	92.09323935
830	Channel Islands	85.31	85.89	86.46	87.03	87.59	88.16	88.72	89.29	89.86	90.42	90.98	91.53	92.09	92.66	93.21	93.76
208	Denmark	83.27	83.86	84.44	85.01	85.57	86.13	86.68	87.24	87.78	88.33	88.87	89.41	89.95	90.49	91.03	91.57
233	Estonia	83.06	83.64	84.2	84.74	85.29	85.83	86.36	86.9	87.44	87.96	88.49	89.02	89.56	90.09	90.63	91.16
246	Finland	85.14	85.75	86.35	86.93	87.51	88.09	88.66	89.22	89.79	90.35	90.9	91.45	92	92.56	93.11	93.67
352	Iceland	84.9	85.48	86.07	86.64	87.2	87.75	88.31	88.86	89.4	89.95	90.49	91.04	91.58	92.11	92.65	93.2
372	Ireland	84.32	84.92	85.52	86.11	86.69	87.28	87.85	88.42	88.98	89.54	90.11	90.66	91.22	91.77	92.31	92.88
428	Latvia	80.37	80.93	81.47	82.02	82.55	83.08	83.6	84.11	84.6	85.09	85.59	86.08	86.57	87.08	87.56	88.05
440	Lithuania	81.7	82.27	82.83	83.37	83.91	84.43	84.94	85.45	85.96	86.47	86.98	87.48	87.99	88.49	89	89.49
578	Norway	84.78	85.36	85.93	86.5	87.06	87.62	88.17	88.72	89.27	89.81	90.36	90.91	91.45	91.98	92.52	93.06
752	Sweden	84.97	85.55	86.13	86.69	87.26	87.82	88.38	88.94	89.49	90.04	90.6	91.15	91.69	92.24	92.78	93.32
826	United Kingdom	83.28	83.87	84.68	85.26	85.83	86.38	86.94	87.49	88.03	88.58	89.13	89.67	90.21	90.75	91.27	91.82
925	Southern Europe	85.13253983	85.77195683	86.39203434	87.01829591	87.6437257	88.25572032	88.8332273	89.40463386	89.93696247	90.47410329	91.01065927	91.56974354	92.15541128	92.74874551	93.3337269	93.90652567
8	Albania	80.48	81.11	81.98	82.58	83.17	83.76	84.34	84.9	85.46	86.01	86.56	87.1	87.65	88.18	88.72	89.27
70	Bosnia and Herzegovina	80.32	80.98	81.63	82.25	82.86	83.46	84.03	84.6	85.15	85.7	86.25	86.78	87.32	87.86	88.4	88.93
191	Croatia	82.02	82.66	83.28	83.89	84.47	85.05	85.61	86.17	86.73	87.29	87.84	88.39	88.93	89.47	90.02	90.56
300	Greece	85.08	85.68	86.27	86.86	87.43	88.01	88.57	89.14	89.7	90.27	90.83	91.39	91.95	92.5	93.06	93.6
380	Italy	85.97	86.59	87.2	87.79	88.38	88.96	89.53	90.12	90.68	91.25	91.81	92.37	92.92	93.48	94.04	94.6
470	Malta	84.68	85.28	85.86	86.45	87.03	87.6	88.18	88.74	89.31	89.88	90.44	91	91.56	92.11	92.67	93.22
499	Montenegro	79.77	80.43	81.06	81.67	82.26	82.83	83.39	83.93	84.45	84.96	85.46	85.96	86.46	86.96	87.45	87.94
807	North Macedonia	78.32	78.98	79.61	80.23	80.85	81.44	82.02	82.59	83.16	83.71	84.26	84.8	85.33	85.86	86.38	86.91
620	Portugal	85.28	85.92	86.54	87.15	87.75	88.36	88.95	89.53	90.11	90.69	91.27	91.84	92.42	92.99	93.57	94.14
688	Serbia	79.05	79.69	80.32	80.92	81.52	82.11	82.69	83.26	83.82	84.37	84.91	85.43	85.97	86.49	87.02	87.55
705	Slovenia	84.44	85.03	85.62	86.19	86.77	87.33	87.9	88.47	89.02	89.58	90.13	90.69	91.24	91.8	92.35	92.9
724	Spain	86.68	87.3	87.91	88.5	89.09	89.66	90.24	90.82	91.38	91.95	92.5	93.06	93.61	94.17	94.72	95.27
926	Western Europe	84.76250474	85.37820068	86.02735789	86.61521304	87.18334602	87.756793	88.33734792	88.91138622	89.48382085	90.04909266	90.59935078	91.16073528	91.72969962	92.28889895	92.85634456	93.40731444
40	Austria	84.19	84.8	85.58	86.16	86.74	87.32	87.88	88.45	89	89.56	90.11	90.67	91.22	91.78	92.32	92.86
56	Belgium	84.31	84.91	85.51	86.09	86.67	87.25	87.81	88.37	88.93	89.49	90.04	90.59	91.14	91.69	92.23	92.77
250	France	85.82	86.42	87.16	87.75	88.33	88.9	89.47	90.03	90.59	91.15	91.7	92.26	92.82	93.36	93.92	94.47
276	Germany	84.14	84.73	85.31	85.89	86.46	87.03	87.59	88.16	88.72	89.27	89.84	90.39	90.95	91.5	92.05	92.61
442	Luxembourg	84.76	85.37	85.96	86.55	87.14	87.72	88.3	88.86	89.44	90	90.57	91.14	91.69	92.26	92.81	93.36
528	Netherlands	84.35	84.92	85.49	86.04	86.6	87.16	87.71	88.26	88.81	89.36	89.91	90.46	90.99	91.54	92.09	92.62
756	Switzerland	86.02	86.62	87.2	87.79	88.35	88.93	89.5	90.07	90.62	91.19	91.75	92.31	92.86	93.42	93.96	94.52
124	Canada	84.74	85.34	86.04	86.62	87.19	87.76	88.32	88.87	89.42	89.97	90.51	91.05	91.6	92.14	92.68	93.22
840	United States of America	81.65	82.25	83.14	83.72	84.28	84.83	85.38	85.92	86.46	86.99	87.52	88.05	88.57	89.09	89.61	90.13
