country_code	name	2020-2025	2025-2030	2030-2035	2035-2040	2040-2045	2045-2050	2050-2055	2055-2060	2060-2065	2065-2070	2070-2075	2075-2080	2080-2085	2085-2090	2090-2095	2095-2100
900	World	75.1485	75.7262	76.3257	76.8735	77.3918	77.887	78.3297	78.7269	79.1415	79.5608	79.9514	80.3124	80.6983	81.0661	81.4517	81.836
947	Sub-Saharan Africa	63.3194	64.4884	65.5746	66.588	67.5183	68.4328	69.2232	69.9613	70.6657	71.4031	72.0044	72.5758	73.1689	73.6779	74.1568	74.6856
1833	Northern Africa and Western Asia	76.116	76.7083	77.2995	77.8467	78.3772	78.9032	79.3538	79.7639	80.1885	80.5741	80.9513	81.3537	81.7202	82.0846	82.4934	82.8385
921	Central and Southern Asia	71.0976	71.4525	71.9223	72.4739	73.0711	73.6342	74.1829	74.6471	75.1521	75.6322	76.0801	76.5266	76.9493	77.3347	77.7282	78.195
1832	Eastern and South-Eastern Asia	79.0273	79.2055	79.4421	79.7246	80.0383	80.3907	80.7588	81.1523	81.5323	81.9356	82.3245	82.7555	83.1665	83.5875	84.0345	84.4271
1830	Latin America and the Caribbean	78.7501	79.2632	79.8726	80.4117	80.9362	81.4574	81.995	82.4948	82.9585	83.4786	83.9166	84.3694	84.8681	85.354	85.8383	86.2812
927	Australia/New Zealand	84.453	84.5637	84.7635	84.9994	85.2754	85.5529	85.8923	86.2381	86.5828	86.9636	87.2717	87.6335	87.9589	88.3043	88.6672	88.9727
1835	Oceania (excluding Australia and New Zealand)	67.9273	68.091	68.324	68.5059	68.7796	69.1007	69.4508	69.7658	69.989	70.3349	70.7133	71.008	71.3335	71.7098	71.9945	72.3154
1829	Europe and Northern America	81.613	82.0143	82.5677	83.0107	83.458	83.9462	84.3433	84.7793	85.2119	85.6431	86.1091	86.5559	86.9961	87.3661	87.7766	88.221
903	Africa	65.3952	66.4782	67.5048	68.466	69.3235	70.1749	70.9055	71.5873	72.2449	72.8441	73.3537	73.908	74.4149	74.8784	75.3623	75.8442
935	Asia	75.732	76.1952	76.7219	77.2197	77.7031	78.1456	78.5786	79.0077	79.4548	79.8596	80.2878	80.6839	81.1042	81.5479	81.9897	82.4758
908	Europe	81.8897	82.3375	82.8344	83.3302	83.8087	84.3123	84.8026	85.2652	85.7116	86.2029	86.7397	87.2572	87.7673	88.2037	88.6119	89.0371
904	Latin America and the Caribbean	78.7501	79.2632	79.8726	80.4117	80.9362	81.4574	81.995	82.4948	82.9585	83.4786	83.9166	84.3694	84.8681	85.354	85.8383	86.2812
905	Northern America	80.6127	80.5763	81.0617	81.2872	81.5734	81.8812	82.1808	82.513	82.8432	83.1963	83.5243	83.7347	84.0467	84.3521	84.708	85.0101
909	Oceania	80.2081	80.4172	80.6227	80.8428	81.1344	81.3498	81.6377	81.8983	82.2001	82.4905	82.797	83.1019	83.3431	83.7051	84.0446	84.3341
901	More developed regions	82.3559	82.775	83.3108	83.7499	84.1877	84.6597	85.0728	85.5045	85.93	86.3769	86.8045	87.2432	87.672	88.0727	88.4839	88.9388
902	Less developed regions	73.3768	74.0451	74.7186	75.3595	75.9737	76.5156	77.0203	77.46	77.9101	78.3449	78.749	79.1315	79.5191	79.9128	80.2827	80.6572
941	Least developed countries	67.5091	68.5988	69.6169	70.5741	71.4475	72.2649	73.0178	73.7062	74.3333	74.9088	75.4401	75.9082	76.3738	76.822	77.29	77.724
934	Less developed regions, excluding least developed countries	74.4827	75.0075	75.6016	76.1403	76.6743	77.1534	77.5755	77.9776	78.3924	78.7785	79.1545	79.5328	79.9018	80.2829	80.6618	81.0443
948	Less developed regions, excluding China	71.819	72.5656	73.3256	74.0331	74.7053	75.3112	75.8691	76.3646	76.8367	77.3044	77.7372	78.1496	78.5538	78.9443	79.3553	79.7684
1636	Land-locked Developing Countries (LLDC)	68.2566	69.2672	70.2046	71.0703	71.8744	72.5727	73.2382	73.8698	74.423	74.9543	75.4791	75.9611	76.443	76.87	77.3429	77.7907
1637	Small Island Developing States (SIDS)	74.7826	75.347	75.9778	76.4491	76.8826	77.2402	77.5878	77.9119	78.2115	78.5163	78.8163	79.1052	79.3856	79.622	79.8968	80.2051
1503	High-income countries	83.5211	83.8999	84.4163	84.827	85.2602	85.6672	86.0759	86.4662	86.8714	87.285	87.6584	88.0652	88.4621	88.8703	89.2832	89.7176
1517	Middle-income countries	74.1243	74.6708	75.2645	75.8413	76.3924	76.8982	77.3429	77.7638	78.1761	78.6137	79.0015	79.3725	79.7508	80.1328	80.5085	80.851
1502	Upper-middle-income countries	78.5058	78.8423	79.2118	79.5956	80.0449	80.4951	80.9597	81.4478	81.8806	82.3487	82.837	83.3061	83.7772	84.2661	84.6963	85.1146
1501	Lower-middle-income countries	70.3171	70.8722	71.4804	72.0651	72.684	73.2853	73.7814	74.2694	74.7574	75.1979	75.6519	76.0492	76.4958	76.8917	77.2419	77.6694
1500	Low-income countries	66.4112	67.6005	68.6892	69.6418	70.5179	71.3105	72.072	72.7493	73.3785	73.9674	74.5422	75.021	75.5741	76.0203	76.5124	77.0126
1518	No income group available	82.7735	83.0695	83.4223	83.6463	83.9571	84.194	84.4529	84.6957	84.9286	85.2702	85.6255	86.0711	86.6023	87.0625	87.4359	87.7669
910	Eastern Africa	67.1676	68.2685	69.3163	70.2702	71.1385	71.9263	72.7228	73.459	74.1291	74.7648	75.3854	75.9772	76.5332	77.0437	77.5933	78.1246
108	Burundi	61.969	62.3768	62.8923	63.4253	63.9334	64.4725	65.0053	65.5357	65.9936	66.487	66.9217	67.3554	67.777	68.2319	68.623	69.0521
174	Comoros	64.5008	64.5902	64.8064	65.1018	65.4275	65.7774	66.136	66.478	66.8185	67.1257	67.4683	67.816	68.1463	68.4073	68.7358	69.0567
262	Djibouti	67.737	67.8809	68.1552	68.4582	68.7939	69.1307	69.4875	69.8603	70.2206	70.6099	70.9821	71.3307	71.7274	72.061	72.4367	72.7832
232	Eritrea	67.2083	67.5514	67.9355	68.3848	68.8275	69.2586	69.7135	70.1261	70.5076	70.9181	71.3114	71.7385	72.1474	72.5354	72.9049	73.3645
231	Ethiopia	67.2165	67.5998	68.0877	68.5665	69.0913	69.5491	69.9782	70.4561	70.8929	71.3185	71.7871	72.166	72.5323	72.9692	73.3752	73.75
404	Kenya	67.4369	67.5484	67.7676	68.0823	68.4304	68.8088	69.1938	69.5441	69.8885	70.3022	70.7134	71.1273	71.5203	71.9339	72.3478	72.7685
450	Madagascar	67.5223	68.0759	68.6941	69.2835	69.8584	70.4258	70.9625	71.4233	71.8932	72.3798	72.8266	73.2813	73.6919	74.1282	74.5332	74.9161
454	Malawi	66.0735	66.6382	67.1871	67.757	68.3036	68.8154	69.3147	69.7936	70.2516	70.7394	71.1481	71.5409	71.9998	72.4067	72.8226	73.2721
480	Mauritius	77.1892	77.1351	77.1923	77.3701	77.5552	77.8084	78.0643	78.3338	78.6401	78.9304	79.2175	79.5333	79.8344	80.1812	80.4883	80.8139
175	Mayotte	81.8535	81.9511	82.5534	82.8744	83.2016	83.5275	83.8599	84.224	84.5509	84.8956	85.23	85.5516	85.9314	86.2553	86.5789	86.9141
508	Mozambique	62.2606	62.82	63.4938	64.1134	64.7218	65.28	65.8063	66.3106	66.8276	67.3431	67.7696	68.1897	68.6058	69.007	69.4085	69.826
638	Reunion	83.1059	83.2349	83.464	83.7674	84.0782	84.3981	84.7172	85.0663	85.4077	85.7556	86.0956	86.4522	86.7823	87.1578	87.4882	87.8399
646	Rwanda	69.6937	70.0027	70.3795	70.8095	71.2517	71.6665	72.0994	72.5245	72.9438	73.3247	73.7592	74.1489	74.5467	74.9675	75.3611	75.7718
690	Seychelles	75.9555	75.8169	76.0573	76.1781	76.3736	76.5984	76.8284	77.0969	77.3804	77.6304	77.9275	78.1981	78.5255	78.8301	79.1142	79.4356
706	Somalia	57.5398	57.8652	58.3908	58.9749	59.5722	60.1087	60.7082	61.2465	61.761	62.2708	62.701	63.1545	63.5943	63.9491	64.3313	64.7747
728	South Sudan	57.7114	57.913	58.3093	58.789	59.2552	59.7353	60.1934	60.6247	61.0363	61.4408	61.825	62.2509	62.6291	62.9907	63.3684	63.7052
800	Uganda	64.092	64.4063	64.8008	65.2409	65.7228	66.1612	66.6099	67.02	67.4995	67.9139	68.2752	68.7209	69.1269	69.5011	69.9005	70.2799
834	United Republic of Tanzania	65.7307	66.012	66.4373	66.8827	67.3015	67.7554	68.2087	68.6238	69.0238	69.4496	69.8171	70.2276	70.5675	70.9766	71.3986	71.817
894	Zambia	65.2227	65.3987	65.6761	66.006	66.3861	66.7322	67.1422	67.4964	67.8641	68.2156	68.6173	68.9293	69.3373	69.7372	70.0588	70.4488
716	Zimbabwe	61.0726	61.1819	61.4398	61.7513	62.076	62.4743	62.8053	63.1771	63.6036	63.9856	64.3602	64.7517	65.1391	65.5183	65.8731	66.247
911	Middle Africa	61.2343	61.9836	62.7489	63.4888	64.2131	65.0137	65.7181	66.2847	66.9276	67.5226	68.1014	68.5476	69.1591	69.6981	70.15	70.7382
24	Angola	62.5539	62.8975	63.3329	63.7683	64.2253	64.6623	65.0903	65.4914	65.8837	66.258	66.619	66.9568	67.3625	67.654	68.0414	68.3747
120	Cameroon	58.9649	59.2201	59.6096	60.0116	60.4513	60.8899	61.3144	61.7015	62.1489	62.5565	62.9464	63.3047	63.6902	64.1329	64.5212	64.8698
140	Central African Republic	53.6937	53.9907	54.4331	54.901	55.3551	55.8259	56.2708	56.6645	57.0931	57.5037	57.8747	58.2489	58.6715	59.0314	59.3572	59.7254
148	Chad	53.8602	54.0315	54.3997	54.8559	55.3556	55.8812	56.4424	56.9676	57.4704	57.9976	58.4881	58.989	59.4935	60.0067	60.4464	60.9227
178	Congo	64.2574	64.1961	64.2544	64.417	64.6547	64.9143	65.1312	65.4136	65.6946	65.9755	66.2421	66.5241	66.8068	67.0529	67.3504	67.6228
180	Democratic Republic of the Congo	60.6471	60.8392	61.1945	61.6501	62.0438	62.4986	62.921	63.2753	63.6996	64.1499	64.545	64.886	65.2656	65.6374	65.9823	66.2776
226	Equatorial Guinea	58.4334	58.778	59.2488	59.7338	60.2409	60.6606	61.1154	61.5564	62.0015	62.3885	62.7626	63.1605	63.5191	63.8795	64.2429	64.62
266	Gabon	66.9272	66.8594	66.9913	67.1645	67.3965	67.6333	67.8524	68.1481	68.439	68.7438	69.0239	69.2941	69.5986	69.8699	70.1542	70.4744
678	Sao Tome and Principe	71.3567	71.4203	71.6243	71.8828	72.2234	72.5609	72.916	73.2671	73.6565	74.0067	74.3942	74.797	75.1229	75.5053	75.9013	76.2706
913	Southern Africa	66.9324	67.1177	67.3082	67.6792	68.081	68.5699	68.962	69.3334	69.7486	70.1842	70.6376	70.9278	71.3016	71.7269	72.0959	72.4024
72	Botswana	70.5036	70.3147	70.3199	70.3996	70.5303	70.7057	70.8892	71.1145	71.3677	71.6016	71.8665	72.1037	72.3949	72.6406	72.9204	73.2129
748	Eswatini	63.0951	63.4902	63.9479	64.4218	64.8675	65.2693	65.7073	66.1105	66.4997	66.8695	67.2103	67.5642	67.868	68.1719	68.5132	68.7945
426	Lesotho	56.0798	56.7312	57.5544	58.3861	59.1614	59.9196	60.6315	61.345	62.0079	62.539	63.0999	63.6661	64.2021	64.6753	65.1399	65.607
516	Namibia	65.0635	65.4211	65.8715	66.3695	66.8218	67.2564	67.6585	68.0938	68.5281	68.8848	69.2757	69.646	70.0144	70.3903	70.7045	71.085
710	South Africa	66.0277	66.1625	66.4479	66.7375	67.063	67.4221	67.7639	68.1085	68.4731	68.8021	69.1514	69.485	69.8022	70.1637	70.452	70.7807
914	Western Africa	58.9618	59.8007	60.6391	61.4814	62.3081	63.0544	63.8122	64.4821	65.0769	65.8186	66.3829	66.9674	67.5529	68.0804	68.5578	69.1369
204	Benin	61.7495	61.934	62.2593	62.6005	62.9383	63.3056	63.6647	64.014	64.3724	64.7299	65.0576	65.4044	65.7652	66.1007	66.4293	66.7867
854	Burkina Faso	60.9618	61.482	62.0325	62.5614	63.1017	63.6677	64.1526	64.5664	65.0211	65.4599	65.8822	66.2975	66.704	67.0974	67.5123	67.909
132	Cabo Verde	74.9215	74.9416	75.1168	75.3668	75.651	75.9504	76.2684	76.5849	76.9401	77.2514	77.631	77.947	78.2959	78.6684	79.0219	79.3824
384	Cote d'Ivoire	57.4121	57.6727	58.1408	58.6205	59.0987	59.5542	60.0234	60.4807	60.9389	61.3949	61.8396	62.2738	62.6921	63.1236	63.5877	64.0106
270	Gambia	62.0043	62.2643	62.6107	63.0285	63.3967	63.8261	64.1895	64.553	64.9395	65.3252	65.686	66.0318	66.3889	66.7162	67.1096	67.4265
288	Ghana	63.6178	63.7533	63.9997	64.3073	64.6559	65.0008	65.3896	65.6927	66.0511	66.421	66.7978	67.1276	67.4704	67.8043	68.1435	68.4987
324	Guinea	60.6645	61.0458	61.4895	61.9786	62.4258	62.8863	63.3305	63.7233	64.126	64.5577	64.9398	65.281	65.6582	66.0103	66.3419	66.6757
624	Guinea-Bissau	58.6922	59.0403	59.5172	60.0027	60.4962	61.0294	61.5166	61.9483	62.3688	62.8302	63.2342	63.625	63.9972	64.3885	64.7498	65.0949
430	Liberia	63.9644	64.1918	64.5118	64.8641	65.2642	65.6489	66.0009	66.3271	66.7185	67.0426	67.4236	67.7874	68.1376	68.4711	68.7791	69.0921
466	Mali	58.5956	58.9669	59.4519	59.9493	60.3868	60.8029	61.2128	61.6128	61.9958	62.3318	62.6748	63.0219	63.3674	63.708	63.9851	64.3695
478	Mauritania	64.863	64.7975	64.9374	65.1666	65.3947	65.6581	65.9584	66.2416	66.5469	66.8306	67.1082	67.4002	67.6875	68.0106	68.2725	68.524
562	Niger	62.4329	63.1347	63.9315	64.6231	65.2653	65.8341	66.3663	66.8462	67.3231	67.7217	68.1597	68.5084	68.9126	69.2943	69.607	69.951
566	Nigeria	53.9799	54.349	54.8939	55.4999	56.102	56.6792	57.2701	57.8709	58.3978	58.8969	59.3692	59.8325	60.2942	60.7325	61.1556	61.5675
686	Senegal	68.5289	68.7958	69.1974	69.6258	70.0883	70.4992	70.9126	71.3446	71.7984	72.2262	72.6279	73.0207	73.4192	73.8313	74.1847	74.5889
694	Sierra Leone	54.0208	54.6534	55.4365	56.2313	56.9708	57.6904	58.4425	59.0685	59.5993	60.1062	60.6143	61.0655	61.5173	61.9155	62.3219	62.6967
768	Togo	60.3628	60.6083	61.0107	61.4377	61.882	62.3122	62.7632	63.2239	63.6678	64.132	64.5602	64.9786	65.3826	65.7729	66.2027	66.6391
912	Northern Africa	74.3846	74.8461	75.3942	75.9833	76.4718	76.9453	77.42	77.8414	78.2379	78.629	78.9802	79.2567	79.7049	80.0507	80.4207	80.7373
12	Algeria	76.9896	77.1392	77.4209	77.7635	78.1274	78.5162	78.8761	79.2552	79.6497	80.044	80.3968	80.7539	81.1257	81.4912	81.8631	82.2319
818	Egypt	72.9738	73.0042	73.2215	73.4946	73.8029	74.1255	74.4972	74.8347	75.1916	75.5376	75.873	76.2578	76.5543	76.9215	77.2403	77.5845
434	Libya	74.5944	74.541	74.6832	74.8576	75.1324	75.4015	75.6634	75.9613	76.2754	76.5898	76.925	77.2676	77.5826	77.8697	78.2031	78.5526
504	Morocco	76.8499	77.1522	77.5508	77.9978	78.4243	78.8921	79.3475	79.8016	80.2539	80.6655	81.1079	81.524	81.9181	82.3259	82.7124	83.0796
729	Sudan	65.7052	65.8615	66.1831	66.5386	66.9232	67.3241	67.7233	68.1533	68.5524	68.9413	69.3146	69.6956	70.0754	70.4526	70.814	71.2008
788	Tunisia	77.628	77.7723	78.0558	78.3659	78.7196	79.0979	79.4538	79.8127	80.1946	80.5671	80.9152	81.2558	81.6306	81.9922	82.3033	82.6477
732	Western Sahara	70.9933	71.2675	71.6912	72.1103	72.5681	73.0353	73.497	73.9206	74.3402	74.748	75.1382	75.5731	75.9469	76.371	76.7855	77.1579
922	Western Asia	77.4658	77.8964	78.4063	78.8357	79.2727	79.6902	80.0816	80.4646	80.8181	81.1887	81.5397	81.901	82.2905	82.635	83.058	83.3857
51	Armenia	77.1968	77.0552	77.0937	77.2277	77.384	77.5765	77.7754	78.008	78.2871	78.5528	78.8141	79.0919	79.3694	79.6247	79.9204	80.2235
31	Azerbaijan	73.9745	73.7798	73.758	73.8456	73.9775	74.1616	74.3844	74.5734	74.8604	75.1263	75.4121	75.7038	75.964	76.267	76.5993	76.9483
48	Bahrain	77.1833	77.1348	77.26	77.4402	77.6556	77.9009	78.1783	78.4767	78.7942	79.0923	79.3998	79.7197	80.0614	80.3566	80.6894	80.9956
196	Cyprus	82.0744	82.0822	82.232	82.4168	82.6712	82.9366	83.2407	83.5523	83.8601	84.1613	84.4735	84.7625	85.0622	85.3375	85.6721	85.9607
268	Georgia	76.8254	76.6925	76.758	76.8909	77.0679	77.2814	77.5324	77.8075	78.0957	78.3699	78.6794	78.9534	79.24	79.552	79.8581	80.1585
368	Iraq	71.1434	71.0904	71.2332	71.436	71.6964	71.9981	72.2642	72.5841	72.8651	73.1845	73.4901	73.7848	74.1351	74.4379	74.7258	75.0262
376	Israel	83.589	83.6246	83.7805	83.9691	84.22	84.4777	84.7881	85.0767	85.3867	85.7091	86.0273	86.3341	86.6532	87.0017	87.3299	87.6726
400	Jordan	74.9784	74.9033	75.0321	75.2587	75.5152	75.7991	76.1293	76.3793	76.7038	77.0056	77.3305	77.632	77.9429	78.2733	78.6259	78.9211
414	Kuwait	75.2498	75.1617	75.2453	75.3946	75.6057	75.862	76.1387	76.4525	76.7134	76.9865	77.315	77.6031	77.8883	78.171	78.486	78.7774
422	Lebanon	79.6353	79.6224	80.0427	80.2605	80.5135	80.8041	81.1325	81.4666	81.8111	82.1819	82.5446	82.9146	83.2662	83.653	84.0229	84.3314
512	Oman	79.3328	79.529	79.8529	80.2361	80.6255	81.0273	81.4203	81.8145	82.2255	82.6129	82.997	83.3806	83.7488	84.1376	84.5174	84.8586
634	Qatar	81.0182	81.067	81.2583	81.5096	81.8048	82.1338	82.466	82.8158	83.1524	83.4853	83.8213	84.1319	84.4361	84.789	85.0776	85.4049
682	Saudi Arabia	75.5392	75.6261	75.8629	76.1672	76.4499	76.803	77.1156	77.4662	77.8085	78.1575	78.4807	78.8044	79.1523	79.4575	79.8069	80.1531
275	State of Palestine	74.4891	74.5389	74.7501	75.0791	75.3931	75.7424	76.0904	76.4237	76.7764	77.1154	77.4564	77.828	78.1451	78.5141	78.8617	79.1867
760	Syrian Arab Republic	77.3413	77.477	77.7615	78.085	78.3797	78.737	79.0845	79.4456	79.7908	80.1479	80.4837	80.8155	81.1515	81.4988	81.8391	82.1915
792	Turkey	79.6062	79.8761	80.2473	80.6699	81.1039	81.5717	81.9844	82.4015	82.831	83.2493	83.6737	84.062	84.4271	84.8008	85.172	85.5198
784	United Arab Emirates	78.1484	78.1465	78.3071	78.5371	78.8054	79.128	79.4425	79.7599	80.0793	80.3933	80.7209	81.0389	81.4078	81.7404	82.0686	82.4081
887	Yemen	65.932	65.9137	66.5726	66.8015	67.0807	67.3761	67.6306	67.9226	68.2494	68.5562	68.8753	69.1744	69.4604	69.7716	70.0868	70.3764
5500	Central Asia	74.7806	75.0326	75.3563	75.6799	76.0399	76.407	76.7898	77.1825	77.5429	77.968	78.3529	78.7895	79.1647	79.6181	80.0878	80.466
398	Kazakhstan	76.2116	76.0806	76.1198	76.2598	76.4406	76.64	76.8883	77.1495	77.4249	77.7181	77.9976	78.2751	78.5983	78.8987	79.1973	79.5019
417	Kyrgyzstan	74.1424	74.0122	74.0682	74.1867	74.3671	74.6108	74.8713	75.1399	75.418	75.7286	76.0233	76.3541	76.6161	76.995	77.2786	77.617
762	Tajikistan	72.0155	72.149	72.4205	72.7549	73.1301	73.4983	73.8877	74.2363	74.6072	74.9858	75.3407	75.6871	76.0332	76.4344	76.7856	77.1207
795	Turkmenistan	70.0617	69.8744	69.8838	69.9685	70.126	70.317	70.5457	70.7763	71.0068	71.2358	71.5354	71.8451	72.153	72.4539	72.7678	73.0741
860	Uzbekistan	72.2814	72.0831	72.0654	72.1553	72.2665	72.4682	72.6636	72.9089	73.1882	73.4302	73.6976	73.9751	74.2538	74.5808	74.8632	75.1491
5501	Southern Asia	70.924	71.2825	71.7297	72.2795	72.847	73.4266	73.9858	74.4326	74.9644	75.4202	75.8504	76.2883	76.7087	77.0853	77.4725	77.9024
4	Afghanistan	65.1195	65.6165	66.1612	66.7335	67.2352	67.7116	68.1546	68.6262	69.0749	69.4978	69.9238	70.2997	70.6925	71.0872	71.467	71.8275
50	Bangladesh	73.5039	73.9566	74.4907	75.0312	75.5721	76.076	76.5369	77.0533	77.5011	77.9342	78.3922	78.8035	79.2215	79.6314	80.0941	80.4915
64	Bhutan	71.0613	71.5656	72.144	72.7465	73.2579	73.7972	74.282	74.7336	75.192	75.6246	76.056	76.4465	76.7793	77.1906	77.5578	77.9151
356	India	69.5586	69.8051	70.1515	70.561	71.0089	71.4308	71.8617	72.2781	72.7054	73.1299	73.5026	73.8903	74.2556	74.6489	75.0249	75.4202
364	Iran (Islamic Republic of)	76.7394	76.9273	77.2502	77.6065	78.0297	78.4038	78.8285	79.222	79.6214	80.0356	80.4273	80.8224	81.2316	81.6184	81.9885	82.3266
462	Maldives	79.9485	80.3709	80.8894	81.4011	81.932	82.4047	82.8768	83.3476	83.76	84.1929	84.5813	84.9908	85.361	85.7169	86.0849	86.4245
524	Nepal	70.9822	71.4296	71.9169	72.4132	72.944	73.3781	73.873	74.3217	74.7411	75.1565	75.5659	75.9166	76.3318	76.6696	77.0402	77.4522
586	Pakistan	66.7033	66.7026	66.907	67.1767	67.5381	67.9061	68.2717	68.6861	69.0687	69.4742	69.8718	70.2926	70.6998	71.0984	71.5059	71.9674
144	Sri Lanka	79.1526	79.171	79.3371	79.5763	79.8423	80.1643	80.4527	80.8159	81.1282	81.502	81.8404	82.1963	82.54	82.8926	83.2466	83.5879
906	Eastern Asia	80.2516	80.2211	80.2438	80.3383	80.5598	80.813	81.1249	81.4365	81.7912	82.0727	82.4026	82.7211	83.1626	83.5001	83.9087	84.2362
156	China	78.0589	78.1018	78.2816	78.5475	78.8427	79.1746	79.4957	79.7986	80.155	80.5229	80.8747	81.2043	81.5905	81.9198	82.3081	82.6625
344	China, Hong Kong SAR	86.8415	86.9295	87.1195	87.356	87.6312	87.9242	88.2242	88.5351	88.8702	89.2148	89.5351	89.8602	90.1988	90.5008	90.8576	91.237
446	China, Macao SAR	86.2944	86.4048	86.6211	86.8914	87.1793	87.4864	87.8104	88.1515	88.4961	88.8066	89.1756	89.5158	89.8658	90.1957	90.5286	90.8697
158	China, Taiwan Province of China	82.2506	82.2978	82.4778	82.7078	82.9654	83.2639	83.5589	83.8662	84.1943	84.5036	84.8325	85.1365	85.4783	85.7915	86.0941	86.4273
408	Dem. People's Republic of Korea	74.4688	74.6383	74.9553	75.322	75.6988	76.086	76.4996	76.8807	77.2697	77.6754	78.0687	78.4508	78.8263	79.1803	79.5526	79.8994
392	Japan	86.7686	86.8364	87.0365	87.2781	87.5472	87.8147	88.1249	88.4235	88.7338	89.078	89.354	89.6727	89.9772	90.2833	90.5861	90.8972
496	Mongolia	72.7281	72.7363	72.9279	73.2247	73.4822	73.8231	74.1776	74.5345	74.8792	75.2494	75.6509	76.011	76.3761	76.7495	77.1233	77.5137
410	Republic of Korea	85.0975	85.2633	85.5219	85.8402	86.1731	86.5169	86.8723	87.2264	87.5752	87.9228	88.2585	88.6366	89.0069	89.3607	89.7113	90.0526
920	South-Eastern Asia	75.6844	76.0633	76.5285	76.9671	77.4313	77.8501	78.2614	78.654	79.1055	79.4577	79.8824	80.2928	80.7068	81.169	81.5755	82.0049
96	Brunei Darussalam	75.8277	75.8269	75.9798	76.2088	76.4635	76.7744	77.0805	77.3839	77.7068	78.0282	78.3816	78.7296	79.0694	79.4256	79.7895	80.0947
116	Cambodia	70.43	70.4988	70.7244	71.0001	71.3059	71.6157	71.9559	72.265	72.5787	72.9449	73.2943	73.6669	73.9632	74.274	74.5943	74.927
360	Indonesia	72.5859	72.6868	72.9477	73.2707	73.6295	73.98	74.3804	74.791	75.1997	75.6222	75.9949	76.3958	76.7582	77.1489	77.5128	77.8886
418	Lao People's Democratic Republic	68.4793	68.8863	69.3929	69.9204	70.3771	70.8624	71.3136	71.7332	72.1383	72.586	72.9628	73.3713	73.7065	74.0804	74.4546	74.7993
458	Malaysia	77.0695	77.0123	77.1402	77.3489	77.6071	77.8661	78.1618	78.4831	78.7877	79.107	79.4508	79.7734	80.085	80.4198	80.7672	81.1074
104	Myanmar	68.5049	68.4625	68.5872	68.7811	69.0291	69.2606	69.5446	69.8466	70.1543	70.4329	70.7562	71.0612	71.3577	71.6635	71.9772	72.3238
608	Philippines	74.0414	73.8474	73.8597	73.9526	74.118	74.285	74.5163	74.7388	74.9982	75.2903	75.546	75.8471	76.1272	76.4237	76.7065	77.0049
702	Singapore	84.8228	84.8833	85.0496	85.2758	85.5542	85.8633	86.1493	86.4672	86.7919	87.1197	87.4455	87.8012	88.1013	88.4491	88.8465	89.1706
764	Thailand	79.7888	79.8272	80.0134	80.2506	80.5422	80.8406	81.1881	81.4979	81.8241	82.161	82.513	82.8651	83.2266	83.5505	83.8712	84.2054
626	Timor-Leste	70.1771	70.345	70.6612	71.0328	71.399	71.7641	72.1675	72.548	72.9322	73.3266	73.7113	74.0887	74.4256	74.7792	75.1378	75.4511
704	Viet Nam	78.2213	78.0576	78.1786	78.22	78.3567	78.5178	78.7282	78.9239	79.1447	79.405	79.6679	79.9509	80.2364	80.53	80.7719	81.1217
915	Caribbean	75.0932	75.4854	75.9743	76.3567	76.7496	77.0537	77.3249	77.6703	77.9439	78.244	78.5987	78.9527	79.2669	79.5454	79.9021	80.2202
28	Antigua and Barbuda	76.8522	76.8046	76.9341	77.1155	77.3613	77.6264	77.8941	78.2087	78.5168	78.8435	79.1439	79.4556	79.7793	80.1392	80.455	80.8063
533	Aruba	77.4086	77.3467	77.442	77.6059	77.8357	78.0931	78.3263	78.6242	78.9035	79.1975	79.5268	79.8028	80.0785	80.3821	80.6929	80.9786
44	Bahamas	74.6401	74.4666	74.4684	74.5387	74.6948	74.8644	75.0681	75.2981	75.5252	75.7514	76.0051	76.3037	76.5757	76.839	77.1014	77.4153
52	Barbados	79.2675	79.2487	79.5143	79.7021	79.9277	80.1781	80.4292	80.7312	81.0596	81.3621	81.6571	81.9517	82.2743	82.5631	82.9072	83.2076
192	Cuba	79.5729	79.6025	79.9926	80.2307	80.5088	80.8047	81.0992	81.407	81.731	82.0353	82.3699	82.6897	83.0142	83.3332	83.6496	83.9473
531	Curacao	80.5891	80.5992	80.7681	81.0061	81.2785	81.5714	81.8419	82.1928	82.4864	82.8366	83.1599	83.483	83.7834	84.0943	84.4073	84.6887
214	Dominican Republic	76.0745	76.078	76.2182	76.3938	76.6406	76.8982	77.201	77.5127	77.8638	78.18	78.4886	78.8198	79.1526	79.4887	79.7971	80.1229
308	Grenada	73.2388	73.1098	73.6299	73.7697	73.9789	74.2208	74.4811	74.7182	74.9733	75.2502	75.5626	75.8481	76.1681	76.4378	76.7239	77.0426
312	Guadeloupe	84.6042	84.7383	84.984	85.2886	85.5936	85.9442	86.2934	86.6445	86.9721	87.3009	87.653	88.0055	88.3326	88.6798	89.0151	89.3455
332	Haiti	64.6914	64.8818	65.1746	65.485	65.8439	66.1974	66.6128	66.9596	67.3044	67.6629	68.0267	68.356	68.7506	69.0411	69.4009	69.724
388	Jamaica	74.7413	74.6157	74.632	74.7793	74.9377	75.1468	75.3621	75.6106	75.8727	76.1471	76.4367	76.7072	77.0014	77.3031	77.5793	77.8659
474	Martinique	84.7684	84.9198	85.1655	85.4733	85.7928	86.1309	86.4898	86.8333	87.1693	87.5068	87.8491	88.2014	88.5352	88.8756	89.2288	89.5628
630	Puerto Rico	82.5625	82.5746	82.7212	82.955	83.2053	83.477	83.7518	84.0245	84.322	84.6248	84.9006	85.1852	85.4714	85.7525	86.039	86.3483
662	Saint Lucia	76.2981	76.233	76.3463	76.5506	76.782	77.0577	77.3236	77.6442	77.9438	78.2379	78.5546	78.8551	79.1777	79.5482	79.8907	80.1994
670	Saint Vincent and the Grenadines	73.6982	73.576	73.662	73.8044	74.0116	74.2315	74.4844	74.7584	75.0489	75.3453	75.5905	75.8947	76.2279	76.5034	76.8207	77.1035
780	Trinidad and Tobago	74.7943	74.6308	74.664	74.7738	74.9498	75.134	75.3308	75.5607	75.8346	76.0919	76.3474	76.6643	76.951	77.2221	77.5373	77.8201
850	United States Virgin Islands	82.1402	82.1779	82.3416	82.5826	82.8618	83.1696	83.4612	83.7906	84.1159	84.4794	84.8077	85.1113	85.4687	85.8118	86.155	86.4839
916	Central America	77.9482	78.1168	78.4429	78.7039	79.1383	79.5694	79.9813	80.4154	80.9022	81.3162	81.6769	82.1206	82.5936	82.973	83.3986	83.7629
84	Belize	76.4861	76.4002	76.4603	76.5784	76.7864	77.0345	77.2894	77.5617	77.8568	78.169	78.4638	78.7494	79.0349	79.3544	79.6539	79.9775
188	Costa Rica	81.961	82.0877	82.3262	82.6181	82.9476	83.3013	83.6318	83.9665	84.292	84.5904	84.9219	85.2274	85.5447	85.8437	86.1599	86.4352
222	El Salvador	76.7057	76.8604	77.1675	77.5194	77.8847	78.2634	78.6725	79.0596	79.43	79.8293	80.229	80.6233	81.0116	81.374	81.7305	82.0939
320	Guatemala	76.0244	76.2466	76.6274	77.0313	77.4665	77.9043	78.3296	78.7609	79.1918	79.5924	80.0158	80.4145	80.8214	81.2044	81.6022	81.9877
340	Honduras	76.3302	76.3743	76.5805	76.8253	77.1383	77.4502	77.7817	78.1032	78.4474	78.794	79.1042	79.4751	79.841	80.171	80.5434	80.888
484	Mexico	76.4284	76.4772	77.1483	77.4158	77.7301	78.054	78.3932	78.7441	79.0735	79.4189	79.7672	80.1107	80.4592	80.8061	81.1317	81.48
558	Nicaragua	76.8696	77.0533	77.3951	77.7551	78.165	78.582	78.9808	79.3836	79.7991	80.2164	80.5776	80.9757	81.3612	81.7361	82.1491	82.5358
591	Panama	80.7033	80.7167	80.8949	81.0994	81.393	81.678	81.9703	82.2948	82.6341	82.9587	83.2843	83.5969	83.9512	84.2749	84.5697	84.8914
931	South America	79.2536	79.6795	80.1463	80.6144	81.0689	81.6015	82.0889	82.5598	83.0225	83.5162	83.9981	84.4392	84.8979	85.3744	85.8233	86.2888
32	Argentina	78.8112	78.7442	78.8308	78.9984	79.215	79.4519	79.7268	80.0359	80.2944	80.6095	80.9308	81.2644	81.5875	81.9161	82.2641	82.6384
68	Bolivia (Plurinational State of)	73.2771	73.6036	74.0377	74.4727	74.9321	75.3668	75.7896	76.1852	76.6095	76.9613	77.3503	77.7381	78.0973	78.4442	78.7833	79.1273
76	Brazil	78.4957	78.6517	78.9473	79.2877	79.6631	80.0565	80.4338	80.8499	81.242	81.6621	82.0635	82.4587	82.8301	83.1966	83.5786	83.9515
152	Chile	81.3624	81.5196	82.0856	82.411	82.7512	83.1075	83.4705	83.8245	84.1668	84.5098	84.8534	85.1722	85.4842	85.825	86.1297	86.4635
170	Colombia	78.928	78.9951	79.1879	79.4676	79.7895	80.1202	80.4776	80.8057	81.1648	81.5297	81.8787	82.2652	82.6152	82.9838	83.3326	83.6958
218	Ecuador	78.8175	78.9923	79.3099	79.6525	80.0306	80.4454	80.8173	81.2131	81.5924	81.9903	82.3717	82.7501	83.1312	83.466	83.828	84.1757
254	French Guiana	82.0012	82.0762	82.5247	82.8201	83.1002	83.4406	83.7721	84.1014	84.4308	84.7633	85.0869	85.4215	85.7569	86.1025	86.4401	86.7702
328	Guyana	71.4834	71.246	71.1869	71.24	71.3524	71.4879	71.6976	71.8411	72.0996	72.2964	72.5204	72.7805	73.0467	73.2698	73.5842	73.857
600	Paraguay	74.9576	74.7399	74.7273	74.8091	74.935	75.1033	75.2865	75.5034	75.7857	76.0106	76.3103	76.5861	76.8529	77.1679	77.4533	77.783
604	Peru	78.4592	78.6787	79.0405	79.4297	79.8469	80.2798	80.7036	81.1072	81.5282	81.915	82.3069	82.7163	83.1211	83.4908	83.8745	84.22
740	Suriname	73.6237	73.4842	73.496	73.6135	73.7859	74.0011	74.2273	74.4907	74.7332	75.0147	75.2858	75.598	75.8937	76.2285	76.5299	76.8224
858	Uruguay	80.38	80.3251	80.3838	80.5425	80.7487	80.9936	81.2594	81.5504	81.8491	82.1811	82.4835	82.8303	83.1299	83.4668	83.8071	84.1215
862	Venezuela (Bolivarian Republic of)	74.4062	74.9436	75.0845	75.2951	75.5581	75.8234	76.122	76.4426	76.7167	77.0092	77.3218	77.615	77.982	78.2885	78.5886	78.899
36	Australia	84.4875	84.5217	84.6664	84.8794	85.1225	85.3968	85.6859	85.9753	86.2845	86.6025	86.9262	87.2581	87.5617	87.878	88.2317	88.5728
554	New Zealand	83.0545	83.0587	83.2046	83.4076	83.6489	83.9132	84.1988	84.4928	84.7953	85.0936	85.4085	85.7234	86.0641	86.3894	86.7351	87.0983
928	Melanesia	66.8585	66.9698	67.1538	67.3419	67.6209	67.9676	68.3808	68.7046	68.9842	69.342	69.7454	70.0666	70.4003	70.8032	71.1062	71.4522
242	Fiji	67.7959	67.8191	68.0223	68.3165	68.6937	69.0432	69.4133	69.8037	70.2168	70.6159	70.9944	71.4351	71.8452	72.2344	72.6666	73.1214
540	New Caledonia	79.2956	79.3548	79.5448	79.8183	80.1363	80.4746	80.8239	81.148	81.4964	81.8691	82.2353	82.5928	82.9402	83.2888	83.6491	83.9974
598	Papua New Guinea	64.1919	64.1782	64.3137	64.5393	64.8141	65.0829	65.3771	65.6939	66.0024	66.2682	66.6098	66.9366	67.2106	67.5146	67.788	68.0654
90	Solomon Islands	73.3861	73.2512	73.3102	73.4546	73.6771	73.8935	74.1689	74.4436	74.7396	75.0522	75.382	75.744	76.0365	76.3868	76.7299	77.0411
548	Vanuatu	70.6128	70.5966	70.7452	70.9966	71.2656	71.529	71.8489	72.1597	72.4672	72.7726	73.0912	73.4315	73.747	74.0826	74.3977	74.6853
954	Micronesia	76.4464	76.8755	77.3382	77.785	78.1354	78.5838	79.0342	79.4386	79.7484	80.1179	80.5292	80.9747	81.4568	81.8367	82.2334	82.5877
316	Guam	82.6201	82.7158	82.9442	83.2002	83.5073	83.8351	84.1837	84.5412	84.8624	85.21	85.5563	85.8849	86.2296	86.5707	86.9029	87.2731
296	Kiribati	70.9355	71.1124	71.4205	71.7928	72.1761	72.5928	73.0099	73.4377	73.8318	74.1888	74.5862	74.9952	75.348	75.7484	76.1716	76.5476
583	Micronesia (Fed. States of)	67.9019	67.6862	67.683	67.7751	67.9023	68.0815	68.3058	68.5238	68.7762	69.0077	69.241	69.4889	69.7588	70.0282	70.3114	70.5917
957	Polynesia	77.0797	77.4983	77.9482	78.4134	78.8565	79.2763	79.7177	80.0856	80.4931	80.8607	81.2038	81.5058	81.8007	82.1403	82.462	82.7862
258	French Polynesia	78.7973	78.8595	79.0507	79.2974	79.6275	79.9678	80.3035	80.6661	81.0637	81.4242	81.8204	82.1536	82.5417	82.9132	83.2827	83.6371
882	Samoa	74.0639	73.9699	74.0657	74.2678	74.4901	74.7524	75.0475	75.3417	75.6736	75.9957	76.3266	76.674	76.9923	77.3319	77.6903	78.0247
776	Tonga	71.3269	71.1653	71.1738	71.3138	71.4821	71.6781	71.9388	72.1956	72.4603	72.7456	73.0155	73.3295	73.6576	73.9283	74.2354	74.4827
923	Eastern Europe	78.5061	78.7391	79.0264	79.3299	79.6779	80.014	80.3631	80.7114	81.0476	81.383	81.7275	82.1151	82.4389	82.78	83.0999	83.4067
112	Belarus	78.2726	78.1445	78.1747	78.2822	78.4384	78.6429	78.8174	79.022	79.2471	79.4857	79.7069	79.9504	80.1758	80.4615	80.7136	80.9727
100	Bulgaria	77.3732	77.2257	77.2542	77.3561	77.5424	77.6988	77.9093	78.123	78.3476	78.5965	78.8367	79.0435	79.2788	79.5542	79.8268	80.0883
203	Czechia	80.8955	80.8522	80.9592	81.1256	81.3372	81.5877	81.8636	82.1362	82.4123	82.7389	83.0332	83.3506	83.656	83.9681	84.2413	84.5354
348	Hungary	79.0888	79.0041	79.0733	79.1823	79.3874	79.6043	79.8403	80.117	80.3866	80.6458	80.9542	81.251	81.5771	81.8821	82.1537	82.4935
616	Poland	81.564	81.5657	81.7055	81.923	82.161	82.4343	82.7271	83.0324	83.3236	83.6438	83.9659	84.2448	84.5645	84.8642	85.1773	85.4725
498	Republic of Moldova	74.672	74.4808	74.4671	74.5592	74.6884	74.8595	75.0377	75.2818	75.5341	75.7609	76.0594	76.3212	76.5943	76.8461	77.1285	77.4497
642	Romania	78.2762	78.1637	78.2375	78.3615	78.5427	78.7482	78.9886	79.2316	79.5408	79.8247	80.1214	80.432	80.7116	81.0278	81.352	81.6536
643	Russian Federation	76.3991	76.2552	76.301	76.4024	76.5942	76.7721	77.0102	77.2425	77.472	77.7478	77.9995	78.3003	78.5757	78.8853	79.1686	79.4311
703	Slovakia	79.8189	79.7405	79.7997	79.9359	80.1409	80.358	80.5977	80.8641	81.1193	81.3752	81.6787	81.9448	82.2244	82.5262	82.7747	83.0613
804	Ukraine	75.4494	75.3212	75.3464	75.4494	75.6211	75.8204	76.0722	76.2654	76.5149	76.7902	77.0199	77.2968	77.5611	77.8279	78.1356	78.3877
924	Northern Europe	82.6364	82.8743	83.2808	83.6334	84.0091	84.3765	84.7865	85.1066	85.4704	85.847	86.2278	86.67	86.9524	87.3662	87.763	88.1784
830	Channel Islands	83.9993	84.0159	84.151	84.3488	84.5949	84.8332	85.1315	85.4142	85.7041	86.0229	86.3137	86.6595	86.9723	87.2843	87.6171	87.945
208	Denmark	81.8575	81.833	81.9713	82.1623	82.4206	82.6904	82.9562	83.2308	83.5404	83.8487	84.1471	84.4499	84.7523	85.0351	85.34	85.6334
233	Estonia	81.6645	81.6104	81.7113	81.8719	82.0618	82.3026	82.5418	82.8198	83.1123	83.3938	83.6623	83.9406	84.2162	84.4871	84.77	85.0531
246	Finland	83.8351	83.8952	84.0553	84.2808	84.5492	84.8314	85.111	85.3965	85.6967	86.0148	86.2915	86.6355	86.9608	87.2397	87.5636	87.8695
352	Iceland	83.5787	83.6087	83.7464	83.9561	84.1845	84.4337	84.7045	84.983	85.2506	85.5327	85.8128	86.1129	86.412	86.7041	87.0012	87.2878
372	Ireland	82.9725	83.012	83.1904	83.4372	83.6817	83.9713	84.2746	84.559	84.8738	85.1632	85.4923	85.8259	86.1453	86.4641	86.785	87.079
428	Latvia	78.7745	78.636	78.6547	78.7593	78.9156	79.0922	79.3008	79.4922	79.6941	79.9481	80.1946	80.4337	80.6754	80.9125	81.1717	81.427
440	Lithuania	80.1934	80.111	80.1845	80.312	80.4979	80.7146	80.9194	81.1686	81.4009	81.6683	81.9345	82.1601	82.4467	82.7165	82.9972	83.2314
578	Norway	83.4572	83.4841	83.6125	83.8381	84.0612	84.3046	84.5935	84.8323	85.1139	85.417	85.7015	85.9957	86.2914	86.5903	86.8972	87.203
752	Sweden	83.6544	83.6825	83.8317	84.033	84.261	84.5311	84.8069	85.0745	85.378	85.671	85.9543	86.2344	86.5396	86.8491	87.168	87.4563
826	United Kingdom	81.8901	81.8996	82.2624	82.4523	82.6885	82.9631	83.2651	83.5462	83.8281	84.1136	84.4254	84.7356	85.0142	85.3332	85.6342	85.9411
925	Southern Europe	84.4596	84.8114	85.2501	85.6282	86.0804	86.508	86.9463	87.3736	87.7855	88.2416	88.6138	89.0543	89.4849	89.8986	90.3682	90.816
8	Albania	78.9063	78.8579	79.2344	79.417	79.654	79.911	80.2271	80.4869	80.8244	81.1586	81.4515	81.8011	82.1351	82.4615	82.7962	83.1129
70	Bosnia and Herzegovina	78.7204	78.7188	78.8334	79.058	79.2787	79.5497	79.8641	80.173	80.4986	80.8421	81.19	81.5047	81.819	82.1354	82.4668	82.7884
191	Croatia	80.5309	80.532	80.6681	80.8869	81.1632	81.4449	81.7359	82.0453	82.3536	82.6768	83.0228	83.3498	83.6805	83.9953	84.2986	84.6078
300	Greece	83.7621	83.8047	83.9696	84.1816	84.4475	84.7159	85.0119	85.2828	85.5953	85.9047	86.2248	86.5602	86.8531	87.1843	87.513	87.8424
380	Italy	84.6516	84.7086	84.8982	85.1291	85.3935	85.6828	85.9581	86.2595	86.5623	86.8992	87.2169	87.535	87.8394	88.1896	88.5099	88.8277
470	Malta	83.348	83.3924	83.5555	83.781	84.0302	84.2959	84.6033	84.8897	85.2047	85.5061	85.8224	86.1415	86.4358	86.7419	87.0543	87.4102
499	Montenegro	78.1165	78.1011	78.2366	78.4415	78.6879	78.9615	79.2408	79.5009	79.8009	80.0782	80.3731	80.6192	80.9088	81.1551	81.4304	81.7154
807	North Macedonia	76.5718	76.4987	76.6195	76.8045	77.0013	77.2526	77.5512	77.8131	78.1276	78.4337	78.7505	79.0309	79.3525	79.6992	80.0175	80.3236
620	Portugal	83.9567	84.0589	84.2494	84.4993	84.7897	85.0947	85.4049	85.7094	86.0629	86.402	86.743	87.0922	87.4285	87.767	88.117	88.4555
688	Serbia	77.3649	77.2909	77.3645	77.5555	77.7857	78.0042	78.3003	78.5779	78.8539	79.1825	79.4881	79.7985	80.1155	80.4552	80.771	81.0788
705	Slovenia	83.1133	83.1415	83.2908	83.4973	83.7227	84.015	84.2877	84.5699	84.8888	85.1787	85.5089	85.8157	86.1288	86.4174	86.7354	87.0574
724	Spain	85.3629	85.4244	85.6186	85.8446	86.1215	86.388	86.6987	86.988	87.306	87.6266	87.9409	88.2521	88.5435	88.8431	89.1818	89.5033
926	Western Europe	83.9877	84.3175	84.7407	85.136	85.464	85.8945	86.361	86.7903	87.1973	87.6614	88.1081	88.5197	88.9638	89.3977	89.8295	90.246
40	Austria	82.8701	82.911	83.261	83.4641	83.7203	83.9789	84.2709	84.5962	84.8784	85.1869	85.4781	85.7931	86.1132	86.4191	86.7377	87.0683
56	Belgium	82.9593	83.0133	83.1731	83.3973	83.6496	83.9274	84.2142	84.5028	84.8082	85.1131	85.4227	85.7225	86.0264	86.3117	86.6057	86.9312
250	France	84.5008	84.5586	84.8839	85.0936	85.3491	85.6423	85.9306	86.2118	86.5235	86.8079	87.1297	87.4444	87.7835	88.1141	88.4018	88.7128
276	Germany	82.794	82.8107	82.9761	83.1823	83.4249	83.6848	83.9887	84.2845	84.5752	84.8789	85.1856	85.4949	85.8188	86.121	86.4442	86.7699
442	Luxembourg	83.4309	83.4933	83.6513	83.8961	84.1372	84.4158	84.7061	85.0206	85.3186	85.6141	85.941	86.2674	86.5934	86.927	87.2507	87.5681
528	Netherlands	83.033	83.0429	83.1637	83.3366	83.5511	83.8219	84.0768	84.356	84.6368	84.9266	85.2173	85.5275	85.8367	86.1393	86.4267	86.7395
756	Switzerland	84.7021	84.7485	84.9059	85.1331	85.4055	85.6788	85.9669	86.2637	86.5641	86.8783	87.1782	87.5062	87.8053	88.1479	88.4774	88.7892
124	Canada	83.4223	83.4718	83.7454	83.9491	84.1994	84.4718	84.7463	85.0397	85.3118	85.6017	85.9231	86.2158	86.5033	86.7805	87.0848	87.3659
840	United States of America	80.1463	80.1105	80.5118	80.7088	80.9214	81.1946	81.4512	81.735	82.0408	82.3489	82.6303	82.957	83.2407	83.5618	83.8265	84.102
