country_code	name	1950-1955	1955-1960	1960-1965	1965-1970	1970-1975	1975-1980	1980-1985	1985-1990	1990-1995	1995-2000	2000-2005	2005-2010	2010-2015	2015-2020	last.observed
900	World	45.49095024	47.77738742	49.54564375	53.53160614	56.17309573	58.20872821	59.84570071	61.54087528	62.23692564	63.29242429	64.808188	66.65646263	68.52914217	69.9231584	2018
947	Sub-Saharan Africa	35.03166265	37.2629996	39.49240008	41.45134981	43.4860387	45.51939656	47.08143809	48.00460076	47.39776241	47.67401399	49.05035186	52.56435858	56.19942379	58.76821772	2018
1833	Northern Africa and Western Asia	41.01243229	44.33900811	47.44984097	50.4525742	53.04994701	56.1874177	58.59670445	61.76714729	63.58247445	65.4573015	67.26472175	68.78343167	70.0822213	71.29067929	2018
921	Central and Southern Asia	38.28502914	41.50815859	44.58439513	47.52675112	50.00693442	52.91940296	54.54029859	56.74193088	59.10453052	61.06012173	63.00387489	64.84147654	66.79553207	68.17528475	2018
1832	Eastern and South-Eastern Asia	43.72763437	45.28937338	46.3232497	54.30353139	59.23560144	62.18523676	64.75481988	66.34161777	66.91627914	68.03240753	69.75993873	71.1060945	72.33153491	73.68466506	2018
1830	Latin America and the Caribbean	49.68954627	52.42584435	54.73554739	56.71430827	58.80360803	60.67929038	62.39971656	64.09408231	65.82933406	67.45310147	69.00776942	70.19811361	71.19424101	72.02364841	2018
927	Australia/New Zealand	66.89166982	67.66896552	67.9174358	67.73787337	68.49372436	70.03254751	71.55461746	72.75744267	74.51390037	75.84424378	77.63711946	79.0327083	80.15399138	81.05616372	2018
1835	Oceania (excluding Australia and New Zealand)	37.55745577	41.5168915	44.31701371	47.5920569	50.65553747	53.66600372	55.87086657	57.31825174	58.69881627	59.84902857	60.98104091	62.26166227	63.53870356	64.8545509	2018
1829	Europe and Northern America	62.2613302	64.87186712	66.28010285	66.66512994	67.13205269	67.690663	68.41989946	69.63606745	69.50809893	70.2046555	71.0185021	72.60096225	74.52627933	75.43746021	2018
903	Africa	36.28184034	38.75986451	41.12595893	43.17613703	45.19418665	47.38532377	49.225796	50.48246248	50.17281849	50.59740674	51.95815022	55.24592412	58.58242593	60.89549055	2018
935	Asia	41.48035942	43.67264392	45.61771655	51.5443089	55.31010899	57.97912133	59.99326499	62.03024593	63.34660942	64.80395802	66.6483493	68.21747415	69.80003103	71.19712127	2018
908	Europe	60.98619771	64.20201341	66.02894881	66.56806996	66.8929617	67.05199959	67.57035262	68.95190486	68.45554752	68.91386884	69.605183	71.32095174	73.6031956	74.94852284	2018
904	Latin America and the Caribbean	49.68954627	52.42584435	54.73554739	56.71430827	58.80360803	60.67929038	62.39971656	64.09408231	65.82933406	67.45310147	69.00776942	70.19811361	71.19424101	72.02364841	2018
905	Northern America	65.90686806	66.65954474	66.94150362	66.94972778	67.85700959	69.60929057	70.92067138	71.57159361	72.46167959	73.75626625	74.79500914	75.93411405	76.83385529	76.68762117	2018
909	Oceania	56.98158914	59.60532487	60.91140629	61.91297224	63.46644517	65.24091204	66.91139635	68.21937336	69.87157511	71.04246395	72.59366292	74.08650155	75.3550602	76.46403196	2018
901	More developed regions	62.20631067	64.84919603	66.35282129	66.90746597	67.52347104	68.23441367	69.04207034	70.27936944	70.28685168	71.0254866	71.89252988	73.41262643	75.22260208	76.15765201	2018
902	Less developed regions	40.75363418	43.0891649	45.18108662	50.31779753	53.64036237	56.10245937	57.99734969	59.83283032	60.77746494	61.93306946	63.5485798	65.33810039	67.14989101	68.63435854	2018
941	Least developed countries	35.31562502	37.7940828	40.02475686	42.17362095	43.22721403	44.515809	47.68531227	49.48391061	50.08663713	52.13608691	54.60767408	57.79892986	60.73565273	62.813356	2018
934	Other less developed countries	41.55320541	43.86859073	45.94483125	51.54330023	55.29544172	58.04282837	59.78251262	61.62518688	62.73486054	63.82688466	65.32443539	66.87454162	68.48157489	69.86823332	2018
948	Less developed regions, excluding China	39.95987101	43.34167076	46.21389503	48.83825674	50.99632915	53.2984297	55.2718559	57.16101209	58.57577212	59.8743556	61.45987475	63.48836409	65.54128308	67.04786009	2018
1636	Land-locked Developing Countries (LLDC)	37.0674639	39.51125145	41.95370563	44.03761644	45.87285072	47.49160555	49.03590887	50.59420695	49.3825149	50.86774201	52.9749132	56.69483782	60.74338475	63.0489185	2018
1637	Small Island Developing States (SIDS)	47.67856133	51.24584255	54.01795115	56.48973879	58.62283138	60.04559314	61.72502268	62.92838436	63.85318134	65.02822766	66.25987777	67.54424168	68.7342212	69.84531945	2018
1503	High-income countries	62.34679862	64.58279622	65.70492843	66.49128679	67.58543706	68.89484084	70.19991051	71.34632645	72.36419144	73.70981284	75.10243159	76.38437502	77.5489474	78.22259343	2018
1517	Middle-income countries	42.18862577	44.51263071	46.55631128	51.69741142	54.91617727	57.26192734	59.06541448	60.97796844	61.78036286	62.81849268	64.23471218	65.94713186	67.77659929	69.21715205	2018
1502	Upper-middle-income countries	44.6931374	46.19763591	47.40150862	54.74732941	59.37390776	62.18904223	63.59373217	65.57062787	65.92401596	66.84438989	68.26603739	69.72184134	71.38396496	72.79595868	2018
1501	Lower-middle-income countries	39.39524394	42.76113502	45.7101507	48.39222153	50.3811465	52.70830464	55.121613	56.80275517	58.29506194	59.66244172	61.16101324	63.08672797	64.97842368	66.36844247	2018
1500	Low-income countries	33.78484966	36.62932907	38.66356787	40.95754001	43.2289738	45.26197767	46.99297618	48.551732	48.53244186	49.93060684	52.48005846	55.98345535	59.15159394	61.46243279	2018
1518	No income group available	49.61374795	53.31848147	56.30790452	58.8595896	60.99435014	63.02858173	64.62651638	66.97499393	68.89580536	70.67059687	72.22101534	73.64002575	75.09338946	76.01800659	2018
910	Eastern Africa	36.18771854	38.69999886	41.28019843	43.23301724	44.94975342	46.4633864	47.14964571	47.69187776	45.74864177	47.25334627	49.68632326	54.37051118	59.00978945	62.08541689	2018
108	Burundi	37.46	38.95	40.44	41.92	42.62	44.83	45.81	47.19	45.61	45.73	49.93	53.56	57.13	59.22	2018
174	Comoros	37.5	39	41	43	45.17	47.41	50.7	53.72	56.27	57.75	58.01	59.31	61.2	62.27	2018
262	Djibouti	39.72	41.64	43.87	46.04	49.4	51.03	53.15	54.61	55.42	55.39	55.85	57.6	60.04	64.58	2018
232	Eritrea	32.8	35.3	38.58	40.64	42.42	44.28	45.73	47.21	48.98	52.27	54.7	58.74	61.37	63.6	2018
231	Ethiopia	32.8	35.3	38.58	40.64	42.04	42.77	42.1	44.7	46.57	49.26	52.31	57.57	61.92	64.09	2018
404	Kenya	40.9	43.48	46.53	49.22	52.07	54.73	57.08	56.52	53.18	49.38	49.58	56.66	60.64	63.82	2018
450	Madagascar	35.33	37.82	40.25	42.65	45.06	47.17	48.67	48.86	51.39	55.49	58.81	60.81	63.02	64.89	2018
454	Malawi	35.03	36.03	37.25	38.33	40.68	42.67	44.18	44.2	43.8	43.19	43.41	48.74	56.64	60.29	2018
480	Mauritius	49.03	53.96	59.39	60.76	60.73	61.46	64.52	64.74	66.63	66.75	68.85	69.39	70.67	71.41	2018
175	Mayotte	44.91	49.87	53.95	57.49	60.54	63.22	65.59	67.7	69.61	71.36	72.97	74.47	76.04	76.04	2018
508	Mozambique	34.01	36.86	39.25	39.67	40.74	42.47	42.23	42.74	44.59	45.8	47.75	48.8	51.49	57.01	2018
638	Reunion	44.91	49.87	53.95	57.49	60.54	63.22	65.59	67.7	69.61	71.36	72.97	74.47	76.04	77.32	2018
646	Rwanda	38.68	40.24	41.96	42.96	43.42	44.78	48.85	47.24	20.38	44.15	49.4	58.49	63.85	66.27	2018
690	Seychelles	58.45	59.54	60.55	61.84	63.75	65.85	67.29	67.08	66.09	66.03	67.36	68.86	69.55	69.78	2018
706	Somalia	32.54	34.51	36.46	38.48	40.39	42.29	44	44.89	43.49	48.28	49.98	51.65	53.28	55.29	2018
728	South Sudan	26.63	29.27	31.39	33.53	35.34	37.28	38.07	40.42	43.97	46.88	49.06	52.23	54.64	55.95	2018
800	Uganda	38.69	41.46	44.35	47.15	48.2	48.42	48.27	45	41.33	41.23	46.39	52.52	57.66	60.42	2018
834	United Republic of Tanzania	39.9	41.77	42.93	44.66	46.56	48.55	49.14	48.95	47.78	47.62	50.89	54.84	58.75	63.04	2018
894	Zambia	41.9	44.16	46.31	47.63	49.77	50.97	51.45	50.77	44.82	41.31	43.97	49.57	57.03	60.26	2018
716	Zimbabwe	48.12	50.26	52.53	54.58	55.75	56.79	58.91	57.95	51.39	44.58	41.96	43.34	54.88	59.16	2018
911	Middle Africa	36.25554101	37.89458808	39.46065937	41.24022772	43.33805202	44.84164739	46.34037947	47.31896683	47.68042066	46.97194156	49.04684534	52.35733443	55.37620094	57.65897202	2018
24	Angola	34.71	35.69	37.03	38.71	40.53	42.13	43.13	43.76	43.47	43.68	45.9	50.29	55.15	57.83	2018
120	Cameroon	37.34	39.41	41.78	44.04	46.45	49.04	50.96	52.15	51.1	49.14	50.49	52.89	54.92	57.53	2018
140	Central African Republic	31.49	33.74	35.96	38.68	42.45	45.9	47.81	47.7	46.2	43.24	42.92	44.57	47.31	50.5	2018
148	Chad	33.41	35.1	36.85	38.77	41.23	42.96	44.27	45.57	45.91	46.46	46.77	48.32	50.89	52.41	2018
178	Congo	38.27	41.67	44.64	46.88	48.93	50.55	51.88	52.08	50.87	50.09	52.26	57.04	60.51	62.7	2018
180	Dem. Republic of the Congo	37.6	39.09	40.17	41.53	43.32	44.18	45.69	46.8	48.13	47.45	50.39	54.04	56.67	58.7	2018
226	Equatorial Guinea	32.64	34.32	35.99	37.61	39.27	40.88	44.49	46.27	48.45	50.99	52.84	53.85	55.36	57.27	2018
266	Gabon	35.41	37.59	39.21	43.53	47.7	51.73	55.67	59.1	59.32	58.3	56.32	58.17	61.88	64.01	2018
678	Sao Tome and Principe	45.37	47.63	50.26	52.49	55.32	57.7	58.07	56.8	56.38	57.98	61.01	63.92	66.2	67.67	2018
913	Southern Africa	41.98104832	44.61364256	46.6112936	48.73390785	51.39956455	54.31870003	56.85433846	59.5120682	59.45345431	54.9271124	50.615377	51.6066338	57.22856918	59.91011521	2018
72	Botswana	42.24	45.01	47.5	49.53	51.91	54.66	56.74	57.41	52.62	49.9	47.86	53.64	61.76	66.03	2018
748	Eswatini	38.19	40.47	42.51	44.68	47.94	51.68	55.72	59.28	58.67	49.1	41.43	41.99	47.81	55.17	2018
426	Lesotho	40.3	42.37	43.62	44.77	46.92	50.1	53.21	54.84	53.63	48.3	42.14	40.64	45.22	50.4	2018
516	Namibia	38.25	42.21	46.09	49.3	51.42	53.86	54.89	57.69	58.21	52.43	48.71	51.46	57.69	60.04	2018
710	South Africa	42.27	44.87	46.81	48.94	51.65	54.58	57.12	59.84	60.02	55.66	51.42	52.27	57.81	60.24	2018
914	Western Africa	32.35287804	34.38498335	36.51719709	38.46108012	40.62259327	43.19644973	45.47711698	46.49694228	47.03823466	47.35848587	48.58489542	51.63563884	54.11422884	56.28564341	2018
204	Benin	33.61	35.79	37.83	39.85	41.61	43.7	45.51	49.49	53.36	53.18	54.6	57.1	58.46	59.75	2018
854	Burkina Faso	30.05	32.35	34.57	36.96	39.1	42.16	47.18	48.31	48.08	48.32	50.5	54.57	58.02	60.11	2018
132	Cabo Verde	46.45	47.11	47.72	50.64	53.36	58.51	60.34	62.07	63.68	64.51	66.15	66.73	67.91	69.23	2018
384	Cote d'Ivoire	30.2	33.72	37.55	40.88	44.64	48.12	50.36	51.61	51.01	48.85	48	49.99	53.49	56.07	2018
270	Gambia	29.09	30.36	31.62	34.64	38.89	43.04	47.01	50.14	51.72	53.77	55.9	57.63	59.06	60.17	2018
288	Ghana	41.92	44.43	46.48	48.07	48.83	50.39	51.91	54.31	56.62	56.18	56.7	59.17	60.92	62.6	2018
324	Guinea	31.98	33.19	34.27	35.06	36.21	38.7	41.86	46.82	50.54	51.38	51.3	54.54	57.45	60.33	2018
624	Guinea-Bissau	34.05	35.13	36.34	37.94	39.49	40.99	42.37	43.52	44.91	46.43	48.83	50.92	53.56	55.8	2018
430	Liberia	29.88	31.12	32.65	35.81	39.04	42.73	45.25	44.89	44.53	49.63	51.7	56.44	59.25	62.22	2018
466	Mali	26.3	27.31	27.75	29.94	33.34	36.84	40.69	43.82	45.8	46.02	49.32	53.39	55.59	57.96	2018
478	Mauritania	38.92	41.93	45.04	48	49.75	51.74	54.69	57.35	58.53	58.79	59.05	60.07	61.43	63	2018
562	Niger	34	34.33	34.8	35.13	35.75	37.14	39.64	41.6	44.29	47.72	50.87	54.48	58.09	60.69	2018
566	Nigeria	32.34	34.38	36.76	38.64	40.74	43.03	44.8	44.74	44.66	45.03	46.13	49.04	51.17	53.3	2018
686	Senegal	34.82	36.76	37.84	37.58	39.96	45.37	49.93	54.52	56	55.73	57.27	61.08	63.82	65.32	2018
694	Sierra Leone	27.62	29.62	31.43	33.87	36.24	38.5	39.68	39.07	37.11	37.14	41.33	46.17	50.5	53.24	2018
768	Togo	34.49	37.8	40.87	43.79	46.57	49.26	51.75	53.75	54.9	52.91	53.04	55.13	58.33	59.67	2018
912	Northern Africa	41.41225096	44.67924607	47.43407564	49.79015733	51.75391615	54.73676597	57.9431913	60.98121195	62.65128231	64.47139118	66.01416577	67.86283582	69.37507648	70.42220708	2018
12	Algeria	42.29	44.34	46.55	48.66	50.61	53.99	60.11	64.41	66.06	68.1	70.47	72.95	74.36	75.39	2018
818	Egypt	40.6	45.29	47.92	49.9	51.14	54.71	57.66	61.22	63.08	65.6	66.65	67.62	68.71	69.52	2018
434	Libya	35.6	37.87	45.67	51.98	56.63	60.74	63.9	65.93	67.81	68.83	69.55	70.14	68.87	69.9	2018
504	Morocco	44	45.76	48.59	50.63	52.49	54.66	58.05	61.69	64.26	65.99	68.49	72.06	73.7	75.07	2018
729	Sudan	43.15	45.69	47.81	49.82	51.63	52.55	53.02	53.7	54.46	55.83	57.54	59.81	62.07	63.13	2018
788	Tunisia	37.77	39.77	42.75	47.26	53	58.52	62.76	65.35	68.12	70.08	71.44	72.3	73.4	74.39	2018
732	Western Sahara	34.01	35.98	37.96	39.9	41.9	46.18	50.47	54.75	57.25	59.75	62.26	64.71	66.9	68.24	2018
922	Western Asia	40.68092869	43.99565322	47.45406412	51.11376053	54.36122535	57.63696413	59.25033611	62.51337421	64.45221369	66.35021952	68.41661105	69.63380824	70.75452263	72.09188903	2018
51	Armenia	59.74	61.8	63.85	65.97	67.54	67.28	67.68	65.84	64.5	66.79	69.1	69.36	70.64	71.12	2018
31	Azerbaijan	55.1	56.98	57.99	59	59.86	60.23	60.72	61.53	60.09	62.66	64.57	66.87	68.58	70.31	2018
48	Bahrain	39.65	45.33	52.66	59.01	63.61	66.95	69.36	70.81	72	73.1	74.18	74.91	75.61	76.25	2018
196	Cyprus	64.79	66.74	68.43	69.88	71.15	72.26	73.24	74.11	74.89	75.6	76.25	76.85	77.69	78.65	2018
268	Georgia	56.74	58.7	60.67	62.63	64.1	65.56	65.63	66.48	66.1	65.5	66.67	66.16	67.82	69.09	2018
368	Iraq	37.02	45.03	51.48	56.75	59.48	61.32	52.55	60.29	64.39	66.35	66.61	64.93	67.2	68.33	2018
376	Israel	67.52	68.66	69.55	70.28	71.01	71.87	72.88	74.09	75.32	76.2	77.39	78.96	80.02	81.04	2018
400	Jordan	47.11	50.7	54.18	57.57	60.75	63.67	65.9	67.85	69.09	69.95	70.77	71.52	72.21	72.66	2018
414	Kuwait	52.5	56.31	60.11	63.31	65.55	67.57	69.55	70.89	71.74	72.21	72.57	73.14	74.11	74.61	2018
422	Lebanon	58.89	60.76	62.29	63.66	64.96	65.86	66.68	67.93	69.62	71.73	73.91	76.04	76.86	77.02	2018
512	Oman	35.64	39.85	43.8	47.44	50.97	55.81	60.22	63.87	66.74	69.24	71.37	73.19	74.46	75.78	2018
634	Qatar	52.8	57.13	61.25	65.32	68.21	70.75	72.74	74.3	75.46	76.2	76.85	77.59	78.26	78.89	2018
682	Saudi Arabia	39.98	42.45	45.04	48.32	53.58	59.11	63.23	66.43	68.45	70.27	71.57	72.14	73.11	73.71	2018
275	State of Palestine	44.7	46.31	48.91	52.28	55.69	59.42	62.89	65.56	67.52	68.96	69.98	70.81	71.39	72.2	2018
760	Syrian Arab Republic	46.3	49.25	52.16	55.53	59.51	62.97	65.94	68.24	69.69	70.61	71.36	72.01	64.38	65.86	2018
792	Turkey	38.05	40.71	44.42	48.16	50.89	53.95	56.8	59.61	61.83	64.68	67.97	69.92	72.45	74.3	2018
784	United Arab Emirates	41.05	46.42	52.03	57.1	61.89	65.58	68.28	70.2	71.69	72.94	74.06	75.12	76.11	77.06	2018
887	Yemen	28.11	28.6	29.57	33.17	38.35	43.88	50.01	54.4	56.58	58.02	60.56	63.13	64.34	64.36	2018
5500	Central Asia	50.26763494	52.16876544	54.0486311	55.91582705	57.47929967	58.56674373	59.98677472	61.82766505	60.61076191	59.86885013	61.60730681	63.53307068	66.14733143	68.50587764	2018
398	Kazakhstan	50.17	52.21	54.25	56.29	57.83	58.87	60.45	62.39	60.53	57.46	59.07	60.55	64.29	68.82	2018
417	Kyrgyzstan	48.78	50.93	53.09	55.24	56.89	58.03	59.69	62.06	62.12	61.97	62.98	63.5	66.35	67.21	2018
762	Tajikistan	46.77	48.33	49.85	51.35	53.36	55.06	55.55	57.86	54.8	58.26	62.11	65.62	67.16	68.64	2018
795	Turkmenistan	47.9	49.95	51.98	54.03	55.56	56.6	58.13	59.28	58.8	59.15	60.34	62.24	63.89	64.51	2018
860	Uzbekistan	52.4	54.21	56.03	57.91	59.37	60.37	61.9	63.54	63.12	63.55	64.54	66.08	67.81	69.41	2018
5501	Southern Asia	37.95958648	41.16985636	44.24583752	47.21601966	49.72512936	52.70469656	54.33355722	56.54716491	59.04490494	61.11324935	63.06273228	64.89121223	66.81151677	68.14791011	2018
4	Afghanistan	27.94	30.43	32.99	35.37	37.92	40.78	44.06	47.54	50.89	53.52	55.79	58.34	60.93	62.85	2018
50	Bangladesh	41.13	44.53	47.37	49.3	46.58	52.12	54.24	56.85	59.77	63.67	65.95	67.83	69.43	70.48	2018
64	Bhutan	31.85	33.34	34.89	37.61	40.44	43.2	46.98	50.64	54.54	58.38	62.89	66.79	69.19	70.96	2018
356	India	37.71	40.75	43.78	46.8	49.85	52.57	54.79	56.49	58.64	60.74	62.7	64.68	66.68	68.11	2018
364	Iran (Islamic Republic of)	42.12	44.51	46.89	49.17	52.52	56.24	45.18	55.82	66.3	68.3	70.02	71.03	73.96	75.26	2018
462	Maldives	34.02	35.74	38.84	42.51	46.62	51.38	56.42	60.15	63.48	67.2	71.09	73.73	75.52	77.07	2018
524	Nepal	34.46	34.94	36.53	39.33	42.15	44.91	48.08	51.7	55.76	59.48	62.66	65.16	67.27	68.83	2018
586	Pakistan	37.19	42.72	47.36	51.07	53.94	55.71	57.25	58.72	60.19	61.44	62.63	63.62	65.13	66.11	2018
144	Sri Lanka	53.12	56.46	58.16	61.14	63.49	65.32	66.83	65.68	66.89	65.63	70.45	71.49	72.45	73.32	2018
906	Eastern Asia	43.92459845	45.06605191	45.55102909	54.91231082	61.11360224	64.8609718	66.91947585	68.06331254	68.32060548	69.37960708	71.38630317	72.71779958	73.94367716	75.33790739	2018
156	China	42.54	43.04	43.32	53.55	60.2	64.14	66.26	67.41	67.48	68.63	70.59	71.89	73.07	74.47	2018
344	China, Hong Kong SAR	58.99	61.85	64.86	67.04	68.63	70.41	72.63	74.21	75.26	77.17	78.52	79.46	80.48	81.75	2018
446	China, Macao SAR	59.4	61.83	64.1	66.12	68.65	70.95	72.64	74.33	75.49	77.22	78.2	79.12	80.29	81.07	2018
158	China, Taiwan Province of China	56.35	60.37	62.52	64.48	67.05	68.43	69.93	71.09	71.94	72.53	74.21	75.23	76.41	77.48	2018
408	Dem. People's Rep. of Korea	32.57	47.03	48.37	53.89	58.24	61.51	63.53	65.02	65.81	59.25	64.18	64.8	67.17	68.3	2018
392	Japan	61	64.2	66.68	68.79	70.63	72.73	74.19	75.56	76.25	77.11	78.26	79.17	80.05	81.28	2018
496	Mongolia	41.47	43.78	48.66	51.68	54.15	54.53	54.96	57.3	58.15	59.46	60.77	62.36	64.52	65.5	2018
410	Republic of Korea	37.65	49.08	52.64	55.8	59.53	61.02	63.17	66.12	68.6	70.98	73.58	76.01	77.87	79.63	2018
920	South-Eastern Asia	43.39245234	46.90563284	49.76545053	52.17823687	53.21920724	54.55488105	58.74039474	61.10083878	62.77644268	64.14802571	65.25285962	66.81575973	68.20192436	69.49511047	2018
96	Brunei Darussalam	49.39	51.23	56.65	60.6	63.25	65.61	67.41	68.4	69.48	70.9	72.42	73.43	73.84	74.54	2018
116	Cambodia	38.99	39.52	39.66	40.07	35.27	11.88	42.84	49.64	51.94	54.16	58.51	62.73	65.5	67.17	2018
360	Indonesia	39.46	42.87	46.02	49.05	52.25	55.07	57.71	59.9	61.93	63.84	64.81	66.42	67.91	69.29	2018
418	Lao People's Dem. Republic	39.13	40.73	42.36	43.99	45.64	47.14	48.63	51.17	52.78	55.63	58.37	61.16	63.67	65.68	2018
458	Malaysia	53.65	57.45	59.96	62.09	64	65.23	66.96	68.28	69.64	70.23	71.03	72.01	72.99	74.01	2018
104	Myanmar	33.68	38.12	40.88	44.69	46.9	48.83	50.69	52.71	54.46	56.16	57.86	59.08	61.29	63.67	2018
608	Philippines	54.4	57.68	59.87	60.64	60.72	60.44	61.25	62.18	64.47	65.41	65.48	65.77	66.23	67.08	2018
702	Singapore	57.52	60.81	63.4	64.26	65.97	68.2	70.34	72.86	74.28	74.59	76.69	78.72	80.06	81.25	2018
764	Thailand	48.26	51.1	53.71	55.89	58.16	60.54	62.79	66.92	66.78	66.53	67.7	69.82	71.59	73.12	2018
626	Timor-Leste	29.58	31.95	34.43	36.91	39.24	30.01	39.2	45.01	49	55.39	59.36	64.72	65.92	67.18	2018
704	Viet Nam	50.75	54.05	56.83	57.93	52.73	61.63	63.6	65.34	66.56	67.85	68.9	70.44	70.83	71.16	2018
915	Caribbean	50.68416793	53.85033522	56.50307523	58.99172105	61.08429138	62.59496411	63.63696822	64.58552891	65.23788376	66.30533066	67.30447881	68.36821535	69.12533131	69.99059815	2018
28	Antigua and Barbuda	55.61	59.25	62.01	63.74	64.68	65.81	67.47	69	70.39	71.77	73.02	74.06	74.79	75.67	2018
533	Aruba	59.1	63	64.8	66.4	67.5	68.8	70.5	70.8	71.1	71.2	71.51	72.18	72.86	73.56	2018
44	Bahamas	61.23	62.4	63.12	63.13	63.52	64.35	64.7	65.99	67.45	68.23	68.95	69.31	70.08	71.48	2018
52	Barbados	52.14	59.17	63.22	65.24	66.42	68.46	70.98	72.12	72.92	74.53	75.87	76.48	77.12	77.6	2018
192	Cuba	57.77	60.76	63.81	67	69.43	71.45	72.63	72.82	72.93	74.2	75.29	76.13	76.51	76.72	2018
531	Curacao	59.08	62.97	64.77	66.37	67.54	69.49	70.87	71.43	71.47	71.11	71.2	72.65	74.5	75.48	2018
214	Dominican Republic	44.77	48.49	51.99	55.17	57.92	60.19	61.93	63.47	64.95	66.12	67.2	68.52	69.62	70.72	2018
308	Grenada	56.91	59.2	61.1	62.69	63.96	65.06	65.58	66.16	67.97	69.46	70.39	70.62	70.26	70.07	2018
312	Guadeloupe	51.53	54.98	58.03	60.76	63.2	65.43	67.46	69.34	71.08	72.72	74.25	75.7	76.83	78.13	2018
332	Haiti	36.24	39.33	41.17	43.44	46.03	48.58	50.29	51.81	53.25	54.66	55.84	57.72	59.3	61.37	2018
388	Jamaica	57.97	61.93	64.06	65.69	67	68.99	70.29	71.51	73	72.78	72.89	72.75	72.48	72.77	2018
474	Martinique	54.17	57.51	60.57	63.36	65.59	67.61	69.44	71.12	72.68	74.12	75.47	76.7	77.79	78.89	2018
630	Puerto Rico	61.54	65.5	66.26	67.68	68.96	70.17	70.47	70.57	69.29	70.31	72.69	74.01	75.43	76.22	2018
662	Saint Lucia	48.56	52.7	56.85	60.58	62.69	64.99	66.85	68.52	70.19	71.56	72.23	73.04	73.87	74.66	2018
670	St. Vincent and the Grenadines	52.53	56.16	59.17	61.12	62.68	64.63	67.08	68.46	69.31	69.02	68.8	69.35	69.63	70.14	2018
780	Trinidad and Tobago	56.86	59.55	61.63	62.7	63.12	64.09	64.84	65.96	66.5	66.89	67.65	68.61	69.81	70.69	2018
850	United States Virgin Islands	61.23	63.92	65.29	66.8	68.29	69.63	70.68	71.9	72.98	74.07	74.87	75.52	76.68	77.66	2018
916	Central America	47.46971768	51.48873247	54.58639011	56.60649922	58.68119556	60.63813641	62.68833845	65.22682993	67.66486533	69.40477492	71.24814406	71.4866092	71.55945434	71.96605443	2018
84	Belize	54.56	57.3	60.06	63.13	65.46	66.92	68.54	69.47	68.24	66.02	66.94	68	71.08	71.42	2018
188	Costa Rica	54.8	57.42	60.32	62.54	64.77	68.24	70.9	72.52	73.6	74.68	75.5	76.06	76.7	77.43	2018
222	El Salvador	41.75	45.78	49.33	51.33	52.57	51.83	51.76	56.53	61.6	63.55	64.99	65.93	67.04	68.11	2018
320	Guatemala	42.64	44.95	47.27	49.96	52.74	54.58	56.36	58.47	60.62	63.38	65.74	67.25	69.22	71	2018
340	Honduras	40.53	43	46.31	49.2	52.1	55.63	59.44	63.24	65.43	67.5	69.09	70.31	71.56	72.68	2018
484	Mexico	48.92	53.34	56.42	58.16	60.09	62.21	64.44	66.76	69.03	70.61	72.46	72.35	71.95	72.1	2018
558	Nicaragua	40.91	44.1	47.26	50.43	53.58	55.24	56.45	59.2	63.34	65.52	67.49	68.55	69.78	70.61	2018
591	Panama	55.93	58.58	61.08	63.17	65.14	67.17	68.58	69.63	70.82	72.17	73.01	73.53	74.37	75.13	2018
931	South America	50.32988373	52.55943451	54.56610962	56.46152668	58.55537344	60.42884313	62.11943501	63.64246095	65.27146761	66.89002585	68.41258035	69.93501746	71.27705214	72.23619752	2018
32	Argentina	60.41	62.14	62.47	62.76	64.1	65.44	66.82	67.58	68.72	69.67	70.57	71.43	72.23	73	2018
68	Bolivia (Plurinational State of)	38.23	39.71	41.4	43.31	45.45	47.82	50.4	53.17	56.09	59.13	61.95	64.36	66.74	68.28	2018
76	Brazil	49.12	51.22	53.3	55.4	57.39	59.17	60.64	62.17	63.98	65.63	67.24	69.09	70.71	71.9	2018
152	Chile	52.65	53.89	55.49	57.81	60.78	64.09	67.2	69.51	71.12	72.54	73.9	75.14	76.33	77.44	2018
170	Colombia	49.76	53.67	56.5	58.9	61.14	63.21	65.11	65.95	66.34	68.67	70.38	71.73	73.08	74.23	2018
218	Ecuador	47.35	50.24	53.08	55.57	57.87	60.24	63.1	65.56	67.54	69.2	70.66	71.73	72.81	73.95	2018
254	French Guiana	50.32	53	56.35	61.36	62.5	63.07	66	68.2	70	71.5	73.1	75	76.2	76.71	2018
328	Guyana	56.18	57.25	58.22	59.15	59.5	59.62	59.74	59.73	60.46	61.57	62.98	64.19	65.45	66.74	2018
600	Paraguay	60.68	61.27	62.46	63.07	63.83	64.7	65.51	66.1	67.12	67.91	69.24	70.16	71.29	72.11	2018
604	Peru	42.78	45.04	48.09	50.6	54.4	56.96	59.65	62.43	65.47	67.82	69.75	71.27	72.6	73.71	2018
740	Suriname	54.4	56.99	58.69	60.18	61.37	62.48	63.59	64.15	64.59	64.67	64.86	66.68	67.8	68.29	2018
858	Uruguay	63.28	64.2	65.38	65.5	65.62	66.31	67.61	68.58	69.22	70.45	71.47	72.57	73.22	73.87	2018
862	Venezuela (Bolivarian Republic of)	54.05	56.85	59.48	61.5	63.64	65.11	66.28	67.32	67.97	68.21	68.87	69.25	69.36	68.4	2018
36	Australia	66.73	67.55	67.8	67.63	68.45	70.17	71.74	73.04	74.72	76.03	77.81	79.19	80.28	81.21	2018
554	New Zealand	67.61	68.25	68.47	68.25	68.72	69.45	70.73	71.44	73.5	74.93	76.77	78.27	79.5	80.3	2018
928	Melanesia	35.90469463	39.87563253	42.75112973	46.14808534	49.36409115	52.58123139	54.84428221	56.29338191	57.66676931	58.86754507	60.02405263	61.35227269	62.70021781	64.06699716	2018
242	Fiji	55	58.68	60.1	60.64	60.3	61.31	62.42	63.33	63.44	63.48	64.58	64.91	65.42	65.6	2018
540	New Caledonia	49.59	53.41	56.43	59.12	61.53	63.67	65.57	67.27	68.78	70.12	71.33	72.4	73.66	74.66	2018
598	Papua New Guinea	33.43	37.08	39.8	43.36	46.87	50.3	52.71	54.26	55.9	57.33	58.52	59.99	61.42	62.94	2018
90	Solomon Islands	40.94	45.15	49.28	53.29	57.37	60.53	62.44	63.23	63.94	65.44	67.04	68.32	69.81	71.11	2018
548	Vanuatu	44.21	46.79	49.4	52.02	54.85	57.48	60.29	62.82	64.58	65.69	66.67	67.32	67.97	68.79	2018
954	Micronesia	50.06025006	52.11722236	54.25456732	56.39923748	58.3868515	60.00484743	61.43817522	62.86819602	64.34717086	65.83391614	67.28329376	68.17254176	69.12919035	70.21575917	2018
316	Guam	55.35	57.85	60.35	62.6	64.6	66.35	67.85	69.2	70.4	71.9	73.6	74.7	75.5	76.5	2018
296	Kiribati	42.02	44.32	46.77	49.6	51.94	53.52	54.67	56.17	58.22	59.63	60.94	61.51	62.5	63.9	2018
583	Micronesia (Fed. States of)	49.45	51.63	53.87	56.16	58.25	60.24	61.39	61.96	62.53	62.79	63.43	64.45	65.25	66.07	2018
957	Polynesia	51.63634443	54.8402371	56.69604065	58.39866872	60.18791815	61.80107149	63.92921456	65.22275218	66.5864881	67.6513663	68.98861307	70.43222182	71.63726306	72.73042213	2018
258	French Polynesia	48.01	53.56	55.66	57.59	59.4	61.09	64	65.64	67.65	68.97	70.65	72.82	73.97	75.32	2018
882	Samoa	51.93	53.47	54.87	56.34	58.03	59.89	61.81	63.07	64.02	65.38	67.33	68.77	70.17	71.13	2018
776	Tonga	56.11	58.24	60.6	62.83	64.53	65.67	66.7	67.83	68.58	68.76	68.61	67.94	68.39	68.83	2018
923	Eastern Europe	56.92875678	62.04311687	64.74944463	64.92399727	64.67291062	63.86884795	63.64641736	65.18393973	63.09184105	62.51947303	62.41629611	64.13458363	67.21414466	68.97783496	2018
112	Belarus	57.61	63.28	66	66.74	66.41	66.02	65.35	66.45	63.95	61.97	62.32	63.56	66.84	69.3	2018
100	Bulgaria	60.68	65.1	68.52	68.88	68.81	68.62	68.46	68.3	67.69	67.53	68.8	69.67	70.83	71.34	2018
203	Czechia	64.37	66.83	67.29	66.59	66.55	67.11	67.21	67.81	68.8	70.74	72.21	73.79	75.11	76.48	2018
348	Hungary	61.87	64.68	66.46	66.83	66.43	66.34	65.27	65.4	64.94	66.49	68.3	69.58	71.56	72.96	2018
616	Poland	58.58	63.16	65.23	66.51	66.71	66.34	66.62	66.51	66.75	68.42	70.38	71.29	73.07	74.48	2018
498	Republic of Moldova	55	57.01	59.03	61.03	61.63	61.63	61.72	64.13	63.57	62.65	63.64	64.4	66.74	67.42	2018
642	Romania	59.4	61.49	65.81	65.06	66.78	67.14	66.93	66.53	66.09	66.05	67.9	69.51	71.49	72.36	2018
643	Russian Federation	53.92	60.1	63.08	63.23	62.75	61.55	61.46	63.86	60.57	59.61	58.63	60.97	64.55	66.81	2018
703	Slovakia	62.51	66.49	68.26	67.47	66.78	66.91	66.79	66.95	67.43	68.67	69.8	70.83	72.51	73.74	2018
804	Ukraine	58.71	63.99	66.49	66.72	65.89	64.64	64.08	66.02	63.63	61.91	61.85	62.25	65.83	66.83	2018
924	Northern Europe	66.34986153	67.75240415	68.24292318	68.75158781	69.11695812	69.74493037	70.77980123	71.78337373	72.55471565	73.72375245	75.23425198	76.64033161	78.25006021	78.93247563	2018
830	Channel Islands	66.63	67.63	67.92	68.48	68.93	69.77	71.03	72.06	73.33	75.84	77.15	78.4	79.76	80.86	2018
208	Denmark	69.72	70.41	70.37	70.59	70.91	71.31	71.46	71.86	72.55	73.66	75.01	76.37	78.1	78.69	2018
233	Estonia	57.06	62.36	64.88	65.67	65.38	64.16	64.05	65.58	62.85	63.58	66.04	68.32	71.85	73.98	2018
246	Finland	63.02	64.76	65.44	65.82	66.63	68.26	70.04	70.65	71.94	73.43	74.93	76.12	77.67	78.75	2018
352	Iceland	70.04	71.11	71.02	71.01	71.36	73.45	73.95	75.15	76.25	76.95	78.76	79.56	80.58	81.23	2018
372	Ireland	65.55	67.49	68.22	68.63	68.82	69.43	70.46	71.47	72.6	73.33	75.3	77.36	78.69	80.35	2018
428	Latvia	58.19	63.44	65.93	65.97	65.09	63.62	63.6	65.6	61.71	62.86	65.16	65.96	69.01	69.94	2018
440	Lithuania	57.29	63.37	66.31	67.4	66.75	65.75	65.37	66.9	64.15	64.5	65.74	65.98	68.47	69.95	2018
578	Norway	71	71.4	71.06	71.15	71.37	72.16	72.7	73	74.28	75.46	76.78	78.3	79.53	80.17	2018
752	Sweden	70.44	71.19	71.52	71.81	72.11	72.4	73.45	74.26	75.46	76.78	77.87	79	80.04	80.75	2018
826	United Kingdom	66.77	67.72	67.99	68.55	69.04	69.9	71.18	72.23	73.48	74.6	76.07	77.53	78.94	79.37	2018
925	Southern Europe	61.76200282	63.97868777	65.67922661	67.02038105	68.3832657	69.57115066	70.82337801	72.02448507	72.81800594	74.21195952	75.63373373	77.10660378	78.46769712	79.54810786	2018
8	Albania	54.4	58.5	63.7	65.1	65.99	68.28	68.45	69.3	68.91	70.15	72.25	73.16	75.21	76.73	2018
70	Bosnia and Herzegovina	52.62	56.93	60.15	62.68	65.31	67.24	67.8	69.2	66.16	70.91	72.03	72.87	74.05	74.65	2018
191	Croatia	59.32	61.25	62.82	63.99	65.23	65.75	66.58	68.15	69.04	70.94	71.36	72.57	74.21	75.01	2018
300	Greece	63.75	64.84	66.9	67.55	69.17	70	71.36	72.53	74.8	75.36	76.41	77.28	78.51	79.48	2018
380	Italy	64.61	66.11	66.96	68.05	69.17	70.25	71.55	73.08	74.14	75.61	77.31	78.78	79.87	81.04	2018
470	Malta	64.41	67.03	67.94	68.83	69.82	70.54	71.68	73.71	75.26	76.15	77.18	78.07	79.41	80.4	2018
499	Montenegro	58.13	60.73	64.21	66.28	68.01	68.69	70.44	70.97	71.42	70.62	70.62	71.87	73.62	74.2	2018
807	North Macedonia	54.88	58.62	61.59	64.22	66.02	66.8	67.15	68.9	69.45	70.39	71.26	72.12	73.14	73.6	2018
620	Portugal	57.63	59.56	61.46	63.14	65.02	66.84	68.96	70.5	71.25	72.35	74.12	75.96	77.45	78.67	2018
688	Serbia	57.72	59.89	62.58	64.67	66.28	66.88	67.55	68.39	68.82	69.05	69.6	70.75	72.12	73.17	2018
705	Slovenia	63	65.1	66.1	65.6	66	67	67.11	68.6	69.71	71.3	72.76	75	77.06	78.25	2018
724	Spain	62.25	65.31	67.29	68.59	69.78	71.35	72.92	73.46	74	75.24	76.53	78.06	79.63	80.6	2018
926	Western Europe	65.34374237	66.59515244	67.46053223	67.90312589	68.45311529	69.48184846	70.65557557	71.98369451	73.0050326	74.37438008	75.82959538	77.31144617	78.41341172	79.18788093	2018
40	Austria	63.81	64.87	66.37	66.67	67.13	68.45	69.55	71.46	72.68	74.22	75.9	77.3	78.37	78.89	2018
56	Belgium	65.34	66.77	67.37	67.65	68.32	69.4	70.59	71.93	73.04	74.14	75.34	76.79	77.97	79.02	2018
250	France	64.24	66.08	67.23	67.74	68.62	69.66	70.73	72.05	73.23	74.55	75.91	77.46	78.7	79.44	2018
276	Germany	65.3	66.3	67.12	67.61	67.89	68.89	70.2	71.59	72.54	74.02	75.59	76.99	77.94	78.67	2018
442	Luxembourg	63.19	64.59	66	66.55	66.8	67.8	69.34	70.73	72.24	73.6	75.13	76.73	78.76	79.84	2018
528	Netherlands	70.64	71.24	71.19	71.01	71.2	71.98	72.81	73.46	74.22	75.07	76.24	78.01	79.36	80.32	2018
756	Switzerland	66.98	68.1	68.68	69.64	70.58	71.85	72.69	73.8	74.5	76.12	77.72	79.29	80.5	81.6	2018
124	Canada	66.76	67.71	68.48	69	69.63	70.8	72.46	73.56	74.65	75.77	77.18	78.44	79.65	80.16	2018
840	United States of America	65.86	66.59	66.82	66.77	67.69	69.49	70.76	71.36	72.23	73.54	74.54	75.66	76.52	76.3	2018
