country_code	name	2020-2025	2025-2030	2030-2035	2035-2040	2040-2045	2045-2050	2050-2055	2055-2060	2060-2065	2065-2070	2070-2075	2075-2080	2080-2085	2085-2090	2090-2095	2095-2100
900	World	71.464	72.5442	73.551	74.4333	75.2656	76.0672	76.8065	77.4912	78.1139	78.7133	79.2687	79.7925	80.3443	80.8634	81.3695	81.8726
947	Sub-Saharan Africa	61.0532	62.7254	64.2292	65.5481	66.7261	67.7928	68.8001	69.714	70.6288	71.4542	72.2814	73.0477	73.7766	74.5028	75.269	76.0247
1833	Northern Africa and Western Asia	73.1073	74.2792	75.3159	76.2453	77.134	77.9769	78.7344	79.4845	80.1723	80.8512	81.5435	82.2194	82.9151	83.5725	84.236	84.8729
921	Central and Southern Asia	70.9823	72.4421	73.7373	74.8938	76.0358	77.025	78.1087	79.1489	80.1231	80.9364	81.7427	82.5316	83.2282	83.9387	84.5931	85.2475
1832	Eastern and South-Eastern Asia	75.8517	77.1171	78.2743	79.3179	80.3656	81.2218	82.0212	82.8449	83.581	84.3263	85.0402	85.6998	86.3807	87.0223	87.6965	88.3993
1830	Latin America and the Caribbean	73.7796	75.134	76.4939	77.6907	78.8012	79.8721	80.8827	81.8172	82.6629	83.4626	84.1803	84.8597	85.5321	86.187	86.7998	87.3862
927	Australia/New Zealand	83.1176	84.2876	85.3142	86.3017	87.1988	88.0888	88.9337	89.8317	90.6715	91.441	92.1558	92.9513	93.7159	94.4611	95.1892	96.0118
1835	Oceania (excluding Australia and New Zealand)	67.8679	69.4869	70.8682	72.0356	72.9906	74.0097	74.9356	75.9687	76.8959	77.8231	78.7966	79.7246	80.6332	81.5506	82.434	83.2735
1829	Europe and Northern America	76.8944	78.0497	79.2673	80.2646	81.2046	82.0404	82.8673	83.6012	84.3871	85.1591	85.9379	86.6929	87.3849	88.0814	88.7962	89.4447
903	Africa	62.9534	64.4814	65.8892	67.0877	68.2115	69.1771	70.1333	70.9906	71.7854	72.5357	73.3098	74.0296	74.692	75.3651	76.078	76.799
935	Asia	73.1591	74.3672	75.4238	76.3974	77.3615	78.2795	79.0847	79.9149	80.7218	81.4263	82.1665	82.8126	83.5025	84.1426	84.7846	85.3755
908	Europe	76.5259	77.6473	78.6882	79.6682	80.5732	81.4281	82.2579	83.0182	83.7493	84.5232	85.2697	85.9847	86.6782	87.3679	87.9463	88.5622
904	Latin America and the Caribbean	73.7796	75.134	76.4939	77.6907	78.8012	79.8721	80.8827	81.8172	82.6629	83.4626	84.1803	84.8597	85.5321	86.187	86.7998	87.3862
905	Northern America	78.8635	80.4462	82.2016	83.304	84.2	85.1276	85.8616	86.7173	87.4917	88.2035	89.031	89.666	90.4264	91.1584	91.8967	92.6339
909	Oceania	78.5371	79.6601	80.669	81.4104	82.1345	82.8847	83.5057	84.2529	84.8511	85.4896	86.0723	86.7217	87.4042	88.1631	88.8091	89.5121
901	More developed regions	77.5316	78.6251	79.7713	80.7086	81.6006	82.4195	83.1957	83.922	84.6806	85.4193	86.1716	86.9244	87.584	88.2658	88.9735	89.616
902	Less developed regions	70.3686	71.531	72.5758	73.5264	74.419	75.2757	76.0468	76.7574	77.398	77.9939	78.5775	79.12	79.6413	80.1517	80.6836	81.2057
941	Least developed countries	64.8108	66.3383	67.6604	68.8119	69.8533	70.8153	71.7172	72.4924	73.2865	74.064	74.7493	75.4375	76.1295	76.7818	77.4481	78.1359
934	Less developed regions, excluding least developed countries	71.6812	72.8337	73.8904	74.8409	75.7516	76.6896	77.4854	78.2948	79.0367	79.7181	80.351	80.945	81.5139	82.0852	82.6038	83.1369
948	Less developed regions, excluding China	68.8371	70.0226	71.1227	72.0781	73.0167	73.8799	74.7423	75.5044	76.1975	76.8385	77.4765	78.0611	78.6269	79.1778	79.7137	80.2814
1636	Land-locked Developing Countries (LLDC)	65.1775	66.7307	68.0368	69.2213	70.3058	71.2966	72.2138	73.0888	73.9835	74.858	75.7029	76.4862	77.2789	78.0241	78.8038	79.5425
1637	Small Island Developing States (SIDS)	71.6033	72.8874	74.08	75.0257	75.8609	76.6399	77.3309	78.0093	78.6449	79.3203	79.9522	80.5479	81.1255	81.6639	82.2219	82.8167
1503	High-income countries	79.5209	80.5363	81.5748	82.408	83.1555	83.8654	84.5553	85.2125	85.8644	86.5393	87.199	87.8396	88.4741	89.0932	89.7333	90.3723
1517	Middle-income countries	70.9744	72.1369	73.2109	74.1821	75.1196	76.0549	76.8776	77.6827	78.4302	79.1064	79.7532	80.3525	80.9324	81.4946	82.0348	82.5271
1502	Upper-middle-income countries	74.9431	76.2926	77.5784	78.7945	79.8321	80.8111	81.6855	82.4743	83.2299	83.9452	84.6714	85.3306	85.976	86.5604	87.1478	87.762
1501	Lower-middle-income countries	68.4686	69.7061	70.8791	71.8703	72.8615	73.8202	74.7527	75.6302	76.469	77.2554	77.9605	78.6305	79.2233	79.8506	80.4468	81.0275
1500	Low-income countries	63.7456	65.4375	66.8222	68.0498	69.1355	70.1183	71.0276	71.8838	72.7181	73.5123	74.3244	75.0874	75.8302	76.603	77.3164	78.0842
1518	No income group available	78.035	79.2788	80.2761	81.0778	81.851	82.5695	83.3006	83.9522	84.6379	85.3508	86.0708	86.7772	87.505	88.166	88.775	89.3959
910	Eastern Africa	64.6082	66.4167	67.9843	69.3368	70.5324	71.6406	72.7107	73.6854	74.6661	75.6226	76.5466	77.4379	78.318	79.1704	79.9565	80.8399
108	Burundi	63.6791	66.4843	68.8915	70.9934	72.861	74.4977	76.0161	77.4231	78.7387	79.9718	81.1924	82.3475	83.3441	84.202	84.9637	85.6391
174	Comoros	65.8313	67.734	69.2736	70.6222	71.8121	72.9933	74.0647	75.1127	76.1614	77.2718	78.3305	79.3597	80.4241	81.4854	82.4456	83.2959
262	Djibouti	68.6025	70.9782	73.0006	74.7292	76.3166	77.785	79.1523	80.46	81.6938	82.8219	83.7813	84.6125	85.35	86.0832	86.7914	87.5046
232	Eritrea	68.1417	70.9175	73.1964	75.1088	76.8184	78.3437	79.7742	81.1723	82.4049	83.4793	84.3904	85.1528	85.9053	86.6323	87.3869	88.1137
231	Ethiopia	68.7294	71.5656	73.951	75.927	77.6403	79.1673	80.6202	81.9643	83.1604	84.161	84.999	85.7475	86.5005	87.2269	87.9409	88.6444
404	Kenya	67.8625	70.2814	72.317	74.1347	75.7806	77.298	78.7507	80.1119	81.3976	82.5911	83.5848	84.4626	85.2588	86.0623	86.7962	87.5311
450	Madagascar	69.1459	71.6267	73.6997	75.4825	77.034	78.5227	79.896	81.1848	82.3805	83.4776	84.4266	85.1673	85.9235	86.6715	87.3842	88.0621
454	Malawi	65.3953	68.705	71.432	73.705	75.657	77.3938	79	80.5074	81.7905	82.8962	83.842	84.6831	85.481	86.2648	87.0091	87.79
480	Mauritius	74.4035	76.1853	77.7222	79.1567	80.5332	81.7431	82.801	83.7603	84.6043	85.4167	86.1882	86.9811	87.7486	88.4823	89.2585	89.9967
175	Mayotte	78.5339	80.2686	82.2412	83.3903	84.4105	85.3653	86.273	87.1634	88.0451	88.8926	89.7117	90.548	91.3309	92.1186	92.9082	93.6508
508	Mozambique	61.9899	65.2513	68.0414	70.4358	72.4777	74.2826	75.9472	77.4656	78.9007	80.2685	81.5094	82.6131	83.5893	84.4077	85.1568	85.899
638	Reunion	80.2567	81.8619	83.1267	84.2211	85.2196	86.1439	87.0698	87.9542	88.855	89.7002	90.4904	91.3189	92.1277	92.9266	93.7265	94.532
646	Rwanda	70.5612	73.178	75.3309	77.1418	78.7633	80.2705	81.6592	82.8886	83.9111	84.7954	85.5876	86.3628	87.0965	87.8441	88.6149	89.3252
690	Seychelles	72.5153	74.1433	75.8095	77.1973	78.5198	79.7912	80.9587	81.9881	82.9467	83.8331	84.6323	85.3849	86.1526	86.9016	87.6531	88.416
706	Somalia	59.3934	61.7174	63.5989	65.3393	66.8674	68.2949	69.5066	70.6606	71.737	72.8001	73.8085	74.8602	75.8888	76.9075	77.9105	78.885
728	South Sudan	59.9927	62.2154	64.0711	65.6931	67.1417	68.4346	69.6077	70.7015	71.7245	72.7404	73.6904	74.6537	75.6033	76.5376	77.4929	78.4544
800	Uganda	64.8152	67.5893	69.9125	71.8707	73.639	75.242	76.7402	78.1197	79.4341	80.7322	81.902	82.9654	83.8607	84.6633	85.3629	86.1065
834	United Republic of Tanzania	67.2808	69.8866	72.0943	74.0003	75.6914	77.184	78.6071	79.9269	81.1953	82.3653	83.4089	84.2914	85.0559	85.7839	86.4987	87.2084
894	Zambia	64.4782	67.0715	69.2506	71.2099	72.8626	74.4441	75.912	77.2822	78.6142	79.8889	81.1299	82.2375	83.1883	84.0269	84.7776	85.4851
716	Zimbabwe	63.2226	65.6779	67.8161	69.6312	71.2746	72.7165	74.1045	75.4189	76.6934	77.8883	79.0522	80.2538	81.3439	82.3509	83.2746	84.1106
911	Middle Africa	60.5588	62.528	64.2167	65.7406	67.0913	68.2461	69.3561	70.3552	71.3196	72.2935	73.1725	74.0594	74.9199	75.7734	76.6231	77.4984
24	Angola	62.2699	64.9402	67.1196	69.0677	70.7107	72.2186	73.6186	74.8805	76.1259	77.2943	78.4317	79.61	80.7056	81.7246	82.6597	83.5042
120	Cameroon	61.8708	64.5495	66.855	68.9102	70.7314	72.3264	73.775	75.1804	76.415	77.6593	78.8579	79.9725	81.097	82.1313	83.1132	83.951
140	Central African Republic	55.1726	57.9631	60.3789	62.4923	64.3315	66.0369	67.5313	68.8154	70.053	71.1511	72.1848	73.2535	74.2635	75.2162	76.2183	77.1973
148	Chad	56.6282	59.0928	61.2118	63.1283	64.8357	66.4451	67.8902	69.1902	70.4065	71.5242	72.5651	73.6114	74.6046	75.7026	76.694	77.6859
178	Congo	66.4582	68.6759	70.5286	72.1395	73.5665	74.8994	76.1375	77.3319	78.4867	79.6496	80.6994	81.7278	82.7129	83.617	84.4123	85.0426
180	Democratic Republic of the Congo	62.7457	65.0992	67.1035	68.838	70.3243	71.7063	72.9455	74.116	75.3099	76.4071	77.4839	78.5304	79.587	80.5839	81.5551	82.4998
226	Equatorial Guinea	61.5484	64.0488	66.1493	67.986	69.5854	71.0055	72.2746	73.4301	74.5526	75.6321	76.6834	77.6604	78.6159	79.6074	80.5713	81.5047
266	Gabon	67.6908	69.7631	71.4484	72.8964	74.2834	75.5309	76.8043	77.974	79.1566	80.2659	81.3985	82.4375	83.396	84.2142	84.9021	85.5314
678	Sao Tome and Principe	71.0429	72.9251	74.5301	76.0081	77.3624	78.6423	79.9145	81.1899	82.3602	83.378	84.2782	85.0531	85.7928	86.5066	87.2525	87.9887
913	Southern Africa	63.7165	65.7968	67.5238	69.0111	70.3925	71.6885	72.8391	74.0968	75.2881	76.4479	77.4738	78.5479	79.5917	80.6159	81.5892	82.4368
72	Botswana	69.3093	71.1637	72.7484	74.2096	75.5706	76.8455	78.0842	79.3451	80.5372	81.6628	82.6649	83.5629	84.335	85.0675	85.7724	86.4948
748	Eswatini	59.8417	62.6656	64.9611	66.8881	68.6006	70.1297	71.5565	72.8457	74.1429	75.3534	76.556	77.7352	78.8851	79.9653	80.9415	81.8045
426	Lesotho	55.6309	58.9036	61.6849	64.1388	66.2209	68.1325	69.843	71.3711	72.8073	74.2075	75.5053	76.7599	78.0391	79.2722	80.4291	81.4852
516	Namibia	64.8272	67.7181	70.0438	72.0096	73.7419	75.3404	76.7589	78.1551	79.4858	80.7959	81.927	82.8939	83.7855	84.5591	85.2876	86.0123
710	South Africa	64.222	66.483	68.3366	69.9052	71.388	72.7555	74.033	75.3253	76.5532	77.7873	78.9864	80.1362	81.2099	82.1787	83.0864	83.868
914	Western Africa	59.3993	61.4431	63.1243	64.6607	66.0362	67.312	68.3945	69.2779	70.1484	70.9433	71.691	72.4713	73.2911	74.1121	74.8886	75.6582
204	Benin	64.209	66.9148	69.1531	71.0528	72.6722	74.1511	75.5083	76.7541	78.0017	79.1687	80.3253	81.436	82.4574	83.3986	84.1945	84.8896
854	Burkina Faso	64.9573	68.1026	70.7301	72.9109	74.812	76.4444	77.8922	79.1999	80.4542	81.6347	82.673	83.65	84.4687	85.1611	85.8427	86.5349
132	Cabo Verde	72.5849	74.5228	76.1875	77.7046	79.1292	80.5183	81.7335	82.8142	83.7533	84.6183	85.4021	86.2085	86.9919	87.7882	88.5442	89.2885
384	Cote d'Ivoire	60.6899	63.5341	65.9337	68.0077	69.6165	70.9896	72.2222	73.3281	74.5119	75.4977	76.5883	77.5761	78.5625	79.5646	80.625	81.5793
270	Gambia	64.8288	67.7028	70.0201	71.9198	73.5766	75.006	76.3372	77.5923	78.8143	80.0135	81.1201	82.2149	83.1628	84.0168	84.7252	85.3386
288	Ghana	66.4895	68.8349	70.7968	72.4916	74.0107	75.4384	76.6862	77.8946	79.0262	80.1547	81.2814	82.3193	83.2993	84.1194	84.8172	85.4595
324	Guinea	64.4638	66.9208	68.951	70.6892	72.1508	73.4864	74.7109	75.8753	76.987	78.0535	79.028	79.9942	80.921	81.8578	82.6962	83.5214
624	Guinea-Bissau	60.1525	62.6831	64.834	66.7389	68.4175	69.9037	71.2746	72.5067	73.7099	74.8299	75.9371	76.9447	78.0537	79.0526	80.0912	81.0885
430	Liberia	66.2328	68.5245	70.3788	71.9494	73.3754	74.6758	75.8841	77.0203	78.1395	79.1802	80.2084	81.2455	82.2102	83.1018	83.9045	84.6166
466	Mali	62.5333	65.2013	67.3919	69.1865	70.706	71.9828	73.1116	74.1902	75.1547	76.0862	77.0017	77.9136	78.7847	79.7046	80.5733	81.4053
478	Mauritania	66.5942	68.5496	70.1359	71.4553	72.714	73.8354	74.9249	75.9903	77.0486	78.0874	79.1584	80.2043	81.2623	82.1939	83.1415	83.9678
562	Niger	65.0111	67.5188	69.5299	71.2226	72.6868	74.0258	75.2515	76.3583	77.4838	78.5163	79.5303	80.5334	81.5406	82.4251	83.2696	84.0416
566	Nigeria	57.6607	60.2409	62.439	64.3872	66.1152	67.7066	69.1029	70.3938	71.5309	72.6456	73.6808	74.7109	75.7052	76.685	77.6514	78.5856
686	Senegal	69.3076	71.5349	73.4282	75.07	76.5756	77.9468	79.2821	80.5595	81.8052	82.9206	83.8811	84.7004	85.4122	86.1259	86.8548	87.5469
694	Sierra Leone	57.8739	60.6159	63.0103	65.0995	66.9661	68.6091	70.0462	71.3004	72.4729	73.5456	74.6265	75.6301	76.613	77.5766	78.5207	79.5051
768	Togo	64.0976	66.8661	69.1902	71.1886	72.9133	74.441	75.8761	77.2333	78.473	79.6548	80.7858	81.8434	82.9139	83.8633	84.6402	85.2835
912	Northern Africa	72.4879	73.7628	74.9369	76.0071	77.0489	78.0397	79.0088	79.9268	80.7464	81.5629	82.3685	83.08	83.7936	84.5714	85.312	85.955
12	Algeria	78.4271	80.096	81.5377	82.8183	83.9765	84.9109	85.7179	86.5322	87.303	88.0952	88.8509	89.598	90.3323	91.0787	91.7971	92.4922
818	Egypt	72.6487	74.2792	75.7046	77.0069	78.2424	79.4792	80.6584	81.8165	82.8762	83.7965	84.6421	85.37	86.1048	86.8295	87.5687	88.271
434	Libya	72.9506	74.6108	76.0873	77.433	78.7133	79.9667	81.1835	82.3001	83.3399	84.218	85.0012	85.7522	86.5168	87.2558	88.0158	88.73
504	Morocco	78.3346	80.1523	81.7059	83.0573	84.2391	85.1629	86.0384	86.8763	87.6696	88.4622	89.2465	90.002	90.7823	91.5027	92.2384	92.9534
729	Sudan	66.7637	68.7706	70.4478	71.9431	73.3419	74.6602	75.9085	77.1111	78.2468	79.4009	80.5488	81.6531	82.6484	83.5945	84.3684	85.0522
788	Tunisia	77.5128	79.2752	80.8107	82.2245	83.4662	84.4693	85.3186	86.1805	86.9991	87.7785	88.5475	89.2937	90.0239	90.7595	91.4844	92.2341
732	Western Sahara	71.8868	73.8876	75.5456	77.0469	78.4184	79.7577	81.0154	82.2168	83.322	84.2211	85.0287	85.7644	86.4738	87.1885	87.9187	88.6321
922	Western Asia	74.2297	75.5021	76.5767	77.4868	78.3021	79.1284	79.8662	80.5712	81.2576	81.904	82.5965	83.2535	83.8544	84.4501	85.0934	85.7016
51	Armenia	74.0044	75.6665	77.1338	78.4777	79.7601	80.9488	82.0295	83.0016	83.8791	84.708	85.4521	86.2255	86.9815	87.7183	88.4602	89.1752
31	Azerbaijan	73.0856	74.562	75.8179	77.0077	78.1798	79.3247	80.4355	81.5338	82.5734	83.5374	84.3685	85.1175	85.8517	86.5925	87.3034	88.0302
48	Bahrain	78.8954	80.2924	81.5173	82.584	83.5683	84.4821	85.2221	85.9464	86.6757	87.4184	88.148	88.8506	89.5537	90.2493	90.9549	91.6384
196	Cyprus	81.4126	82.9419	84.1177	85.1234	86.0689	86.9751	87.8619	88.6907	89.5266	90.3332	91.1272	91.9117	92.6736	93.4214	94.1773	94.9345
268	Georgia	72.0499	73.797	75.3358	76.7631	78.1405	79.4495	80.6088	81.6075	82.5746	83.4313	84.2534	85.0728	85.8153	86.5974	87.3411	88.1012
368	Iraq	71.3482	72.8599	74.1199	75.3069	76.4176	77.5074	78.5865	79.6626	80.7199	81.7813	82.7904	83.7026	84.4716	85.1388	85.7996	86.5058
376	Israel	83.512	84.7888	85.8871	86.8895	87.8233	88.7301	89.598	90.4562	91.2657	92.0624	92.8732	93.6546	94.4153	95.1915	95.9323	96.678
400	Jordan	75.5394	77.0697	78.3801	79.582	80.7534	81.884	82.9661	83.9032	84.7295	85.4332	86.1644	86.9001	87.6288	88.3231	89.0343	89.7588
414	Kuwait	77.1986	78.5357	79.7262	80.7663	81.7723	82.7126	83.6171	84.4112	85.1411	85.8334	86.5067	87.1915	87.8934	88.6095	89.2893	89.9667
422	Lebanon	79.5	81.0891	82.8156	83.992	84.9694	85.8623	86.7053	87.5461	88.3642	89.148	89.9307	90.714	91.4608	92.2317	92.9894	93.7181
512	Oman	78.971	80.8582	82.4919	83.8049	84.863	85.83	86.7642	87.6496	88.4996	89.3404	90.1413	90.9346	91.7524	92.4824	93.2514	93.9971
634	Qatar	81.6248	83.2084	84.4342	85.4183	86.3552	87.2629	88.0877	88.9111	89.7117	90.4852	91.2703	92.0053	92.7291	93.472	94.176	94.9131
682	Saudi Arabia	76.6862	78.2646	79.6171	80.8461	82.0414	83.1405	84.1147	84.9227	85.6341	86.3716	87.0916	87.8238	88.5309	89.256	89.9413	90.6332
275	State of Palestine	75.2401	76.8581	78.2419	79.4899	80.7037	81.8799	82.9647	83.9592	84.7877	85.4963	86.2523	86.985	87.6996	88.4416	89.1417	89.8544
760	Syrian Arab Republic	75.4197	78.9512	80.4578	81.7879	83.0625	83.9497	84.6725	85.3075	85.8056	86.273	86.7705	87.3324	87.8736	88.46	89.0661	89.7448
792	Turkey	77.6446	79.7208	81.4379	82.8262	83.998	84.9668	85.9439	86.8733	87.7721	88.6246	89.4585	90.2549	91.0807	91.84	92.6157	93.391
784	United Arab Emirates	79.7492	81.2142	82.4783	83.6035	84.5435	85.3098	86.0958	86.8464	87.6302	88.3719	89.118	89.8284	90.5543	91.244	91.975	92.6794
887	Yemen	67.2171	68.7857	70.486	71.5767	72.6314	73.6227	74.6018	75.5859	76.5561	77.5491	78.5471	79.5323	80.5415	81.543	82.5059	83.3764
5500	Central Asia	70.2734	71.3473	72.3428	73.3102	74.2725	75.206	76.2186	77.2056	78.1418	79.0911	79.9958	80.9807	81.7832	82.6403	83.4156	84.1652
398	Kazakhstan	71.7965	73.5047	75.0773	76.5009	77.8821	79.2129	80.3965	81.4751	82.4632	83.3477	84.1962	84.9745	85.7287	86.4958	87.2642	88.0045
417	Kyrgyzstan	70.2404	71.9045	73.384	74.7521	76.0995	77.3823	78.6639	79.8847	80.9767	82.0243	82.9324	83.8079	84.6189	85.3275	86.071	86.8262
762	Tajikistan	71.9699	73.7822	75.3351	76.7048	78.0173	79.2553	80.4633	81.6139	82.6734	83.6087	84.4408	85.1286	85.8141	86.5043	87.2138	87.885
795	Turkmenistan	67.5356	69.0914	70.4285	71.6457	72.7627	73.9227	75.0227	76.1791	77.3044	78.3952	79.5685	80.6347	81.6556	82.6183	83.4317	84.2276
860	Uzbekistan	72.1781	73.5745	74.7079	75.8628	76.9024	77.9448	79.0274	80.0643	81.1155	82.1166	83.0874	83.9481	84.681	85.3821	86.1058	86.8094
5501	Southern Asia	71.0423	72.5352	73.8629	75.0313	76.1925	77.2114	78.3015	79.3592	80.3231	81.1566	81.9553	82.7541	83.4434	84.1619	84.8006	85.4632
4	Afghanistan	67.218	69.7093	71.6703	73.3713	74.8814	76.246	77.537	78.7752	79.9871	81.1633	82.2541	83.2539	84.1356	84.8499	85.496	86.1792
50	Bangladesh	74.3253	76.4861	78.2565	79.8637	81.3112	82.6851	83.8723	84.8016	85.6419	86.4734	87.2646	88.0687	88.8231	89.5857	90.3287	91.0328
64	Bhutan	74.7205	76.797	78.4381	79.856	81.1349	82.2886	83.3099	84.249	85.0754	85.776	86.5241	87.276	88.0053	88.693	89.3927	90.0812
356	India	71.6605	73.5451	75.1203	76.5242	77.8168	79.0739	80.2494	81.3405	82.4683	83.4283	84.3013	85.04	85.7333	86.4141	87.1195	87.8447
364	Iran (Islamic Republic of)	78.3642	80.0566	81.5137	82.8213	83.9722	84.9241	85.7619	86.5687	87.3637	88.1773	88.9209	89.6724	90.4401	91.1597	91.8568	92.5959
462	Maldives	80.5744	82.6002	84.1766	85.33	86.4457	87.4616	88.3888	89.2731	90.134	90.9742	91.7537	92.5415	93.3347	94.1001	94.8274	95.5896
524	Nepal	72.6641	74.7448	76.4542	77.9521	79.3308	80.6569	81.9105	83.0322	84.0316	84.8795	85.5997	86.3585	87.093	87.8309	88.5492	89.2649
586	Pakistan	69.1529	70.6267	71.8186	72.8877	73.9095	74.8498	75.8251	76.79	77.7746	78.7575	79.7453	80.7397	81.7108	82.6255	83.5116	84.3147
144	Sri Lanka	76.3353	78.1508	79.7523	81.1653	82.3721	83.4126	84.3679	85.2241	86.0332	86.8718	87.6899	88.4817	89.2918	90.0552	90.7997	91.5768
906	Eastern Asia	78.0357	79.474	80.7916	82.0375	83.2136	84.1222	84.9646	85.7748	86.5325	87.4273	88.1471	88.9049	89.6295	90.3224	91.0028	91.8105
156	China	77.4716	79.2179	80.7478	82.1157	83.3506	84.3813	85.2569	86.0994	86.9338	87.7408	88.5321	89.3096	90.0785	90.8223	91.5565	92.3097
344	China, Hong Kong SAR	83.8897	85.1478	86.2384	87.2521	88.1928	89.1009	89.999	90.9015	91.7426	92.5864	93.4249	94.2327	95.0646	95.8447	96.6412	97.4191
446	China, Macao SAR	83.2419	84.5218	85.6189	86.6325	87.6037	88.5347	89.4347	90.321	91.1766	92.0018	92.8425	93.6513	94.4702	95.2699	96.0231	96.8452
158	China, Taiwan Province of China	80.3592	81.9797	83.2407	84.3203	85.2767	86.1982	87.089	87.9548	88.8115	89.6397	90.4636	91.2549	92.0479	92.8163	93.6256	94.4067
408	Dem. People's Republic of Korea	71.6389	73.5313	75.1708	76.6763	78.0994	79.441	80.7748	81.9234	82.9682	83.9102	84.7416	85.5433	86.336	87.0859	87.8729	88.618
392	Japan	83.432	84.677	85.7473	86.7522	87.6933	88.5792	89.4651	90.3045	91.1656	91.9854	92.828	93.6267	94.4001	95.1652	95.9453	96.7302
496	Mongolia	69.0098	71	72.7418	74.2923	75.8002	77.2462	78.67	79.9881	81.174	82.2068	83.171	84.0368	84.8281	85.6191	86.3904	87.1415
410	Republic of Korea	81.9109	83.2495	84.4211	85.4735	86.4895	87.4314	88.3527	89.2455	90.1187	90.9847	91.8212	92.6262	93.441	94.2435	95.0586	95.8415
920	South-Eastern Asia	71.432	72.6998	73.8504	74.9633	76.0086	77.0489	78.0466	79.0608	79.9831	80.8543	81.6859	82.4706	83.2394	84.0322	84.732	85.4303
96	Brunei Darussalam	77.3158	78.7938	80.0603	81.2295	82.3167	83.3586	84.2828	85.051	85.7759	86.5016	87.2387	87.9554	88.6936	89.3911	90.0763	90.8081
116	Cambodia	70.8062	72.8474	74.5816	76.1215	77.5505	78.8749	80.1001	81.2713	82.4114	83.4078	84.2626	84.9806	85.6737	86.364	87.0222	87.6677
360	Indonesia	72.6008	74.3798	75.9534	77.3398	78.7033	80.0017	81.2363	82.4104	83.4717	84.3875	85.1509	85.9211	86.6824	87.4094	88.1077	88.8676
418	Lao People's Democratic Republic	69.5964	71.7498	73.5492	75.1608	76.6004	77.9182	79.1466	80.3378	81.4764	82.5297	83.4719	84.3032	85.0277	85.6528	86.3137	86.959
458	Malaysia	76.8756	78.4444	79.845	81.1088	82.3104	83.4374	84.3847	85.1957	85.972	86.7536	87.5264	88.2985	89.0527	89.7527	90.5032	91.2613
104	Myanmar	67.4025	69.4904	71.2108	72.7417	74.175	75.5696	76.8993	78.1779	79.4236	80.6542	81.7671	82.7751	83.637	84.4262	85.1594	85.8534
608	Philippines	70.0528	71.7098	73.1363	74.4771	75.7973	77.0321	78.2846	79.5136	80.6366	81.6645	82.5923	83.4647	84.2503	85.0179	85.7681	86.4987
702	Singapore	83.4618	84.7275	85.8344	86.8382	87.8109	88.7348	89.6367	90.4955	91.3427	92.1848	93.0013	93.8389	94.6123	95.3991	96.1973	96.9689
764	Thailand	76.2217	78.1578	79.8211	81.1903	82.3815	83.4195	84.382	85.2702	86.1201	86.9639	87.798	88.617	89.409	90.2027	90.9834	91.7393
626	Timor-Leste	70.6188	72.3967	73.8513	75.1486	76.3412	77.5294	78.6439	79.7497	80.8325	81.8612	82.8582	83.7258	84.5149	85.1557	85.8243	86.4865
704	Viet Nam	73.843	75.6066	77.3597	78.8141	80.1165	81.2932	82.3245	83.2508	84.1113	84.9012	85.6855	86.4782	87.2525	88.0047	88.7763	89.5333
915	Caribbean	72.0265	73.5435	74.9812	76.1587	77.2369	78.1343	79.0395	79.9246	80.835	81.6057	82.4477	83.2378	84.0014	84.7013	85.4122	86.0025
28	Antigua and Barbuda	78.3188	79.7369	80.9493	82.1014	83.1559	84.1302	84.9471	85.6941	86.4586	87.2032	87.9442	88.6769	89.3727	90.1076	90.8101	91.5165
533	Aruba	76.4322	78.0195	79.3832	80.6887	81.8831	82.9781	83.9475	84.7826	85.5799	86.3787	87.1557	87.8568	88.6219	89.3458	90.0525	90.8004
44	Bahamas	74.2516	75.7021	76.9769	78.1614	79.3052	80.42	81.4853	82.5462	83.4758	84.326	85.0547	85.7781	86.5097	87.2485	87.9896	88.6935
52	Barbados	80.3003	81.8226	83.1256	84.2503	85.1515	85.9958	86.8157	87.5964	88.3484	89.1135	89.826	90.5592	91.2931	92.0289	92.7568	93.4759
192	Cuba	79.2362	80.8699	82.5904	83.7751	84.7552	85.6327	86.5074	87.3221	88.1212	88.9	89.7025	90.4649	91.215	91.9369	92.6722	93.397
531	Curacao	78.4255	80.1663	81.6324	82.8302	83.8962	84.8235	85.6877	86.5583	87.3981	88.2318	89.0206	89.7857	90.5681	91.3472	92.1228	92.9025
214	Dominican Republic	73.8958	75.724	77.3338	78.7957	80.2098	81.5111	82.6575	83.6264	84.5396	85.3524	86.1646	86.9406	87.7215	88.4549	89.1977	89.9495
308	Grenada	72.6219	74.0949	75.7248	76.9055	78.0587	79.1976	80.3108	81.4332	82.4169	83.3679	84.1829	84.9394	85.6758	86.3798	87.0992	87.8184
312	Guadeloupe	80.5085	81.9097	83.1036	84.1974	85.1919	86.1298	87.0332	87.9296	88.8191	89.6608	90.4929	91.3212	92.1147	92.9151	93.7073	94.5022
332	Haiti	65.6338	68.2208	70.3442	72.2128	73.8297	75.3053	76.7338	78.032	79.3552	80.5514	81.7256	82.814	83.7187	84.5217	85.2036	85.9184
388	Jamaica	75.4296	76.8463	78.1625	79.3101	80.4321	81.477	82.5225	83.525	84.3559	85.0932	85.8222	86.5181	87.2203	87.949	88.6825	89.3627
474	Martinique	81.234	82.601	83.7698	84.8316	85.8273	86.7866	87.7094	88.5971	89.4679	90.3131	91.1393	91.9713	92.7716	93.5438	94.3545	95.1345
630	Puerto Rico	79.1508	80.753	82.0206	83.1188	84.0867	84.9964	85.8518	86.6965	87.5403	88.3546	89.1777	89.9647	90.753	91.5193	92.2663	93.0443
662	Saint Lucia	77.4036	78.8527	80.1144	81.2928	82.4051	83.4047	84.3392	85.1238	85.8339	86.5956	87.3191	88.0439	88.7478	89.4676	90.1658	90.8852
670	Saint Vincent and the Grenadines	73.026	74.5529	75.8544	77.0477	78.2039	79.3402	80.4569	81.5714	82.5968	83.5154	84.3412	85.0841	85.7847	86.5156	87.2209	87.9591
780	Trinidad and Tobago	73.5869	75.1347	76.4842	77.7602	78.9673	80.1749	81.3187	82.4236	83.3365	84.2152	85.0001	85.7362	86.5141	87.2452	87.9677	88.6891
850	United States Virgin Islands	80.5346	82.1517	83.4073	84.4559	85.4	86.3333	87.2163	88.0752	88.9416	89.7724	90.6171	91.3942	92.2021	92.9765	93.7325	94.5041
916	Central America	74.2862	75.9037	77.5527	78.8066	80.0756	81.2363	82.2882	83.2145	84.093	84.9047	85.7118	86.4582	87.2219	87.8236	88.4767	89.1818
84	Belize	74.3833	76.0611	77.5618	78.936	80.2493	81.4691	82.5579	83.5257	84.4235	85.2106	86.0195	86.7781	87.5625	88.3259	89.0707	89.8345
188	Costa Rica	80.4757	82.1764	83.4516	84.5597	85.5142	86.4549	87.3567	88.2249	89.0584	89.8905	90.6863	91.4822	92.2745	93.0524	93.8227	94.5884
222	El Salvador	71.5538	73.6468	75.4927	77.1627	78.709	80.0199	81.2544	82.3376	83.275	84.1567	85.0038	85.791	86.6278	87.3796	88.164	88.9096
320	Guatemala	74.4777	76.4812	78.2237	79.7884	81.2654	82.5804	83.6775	84.6243	85.4906	86.3334	87.1627	87.9563	88.7235	89.5103	90.2578	91.0056
340	Honduras	75.8677	77.6716	79.2272	80.6961	82.0485	83.2493	84.2565	85.1218	85.928	86.7446	87.5199	88.2954	89.0474	89.8051	90.5655	91.2885
484	Mexico	74.8434	76.5998	78.4857	79.9308	81.2407	82.4284	83.4869	84.4167	85.2106	86.0179	86.7856	87.5419	88.3303	89.0924	89.8298	90.5644
558	Nicaragua	74.0318	76.0369	77.7877	79.4162	80.877	82.1367	83.2278	84.1953	85.0927	85.9449	86.7754	87.5718	88.342	89.128	89.9192	90.652
591	Panama	78.1283	79.9653	81.4579	82.6711	83.7456	84.7075	85.5998	86.4689	87.3177	88.13	88.9439	89.7655	90.5435	91.3405	92.1197	92.8734
931	South America	74.4254	75.9057	77.2862	78.6012	79.6962	80.7852	81.7863	82.708	83.5384	84.3101	84.9985	85.6989	86.4332	87.1191	87.78	88.3515
32	Argentina	75.9443	77.6623	79.1867	80.5863	81.7865	82.8525	83.7968	84.6706	85.4793	86.3065	87.0807	87.8945	88.6526	89.3999	90.1661	90.9402
68	Bolivia (Plurinational State of)	72.0418	74.1761	75.9074	77.48	78.91	80.2622	81.5259	82.6334	83.6065	84.442	85.1841	85.9125	86.6159	87.2965	87.9939	88.6828
76	Brazil	75.2043	77.1602	78.8976	80.4317	81.7493	82.8818	83.9206	84.8279	85.6853	86.541	87.3672	88.2122	89.0107	89.8141	90.5823	91.3322
152	Chile	80.4641	82.2151	83.5251	84.6293	85.6194	86.5774	87.4902	88.3582	89.2365	90.0434	90.853	91.6578	92.4107	93.1919	93.9426	94.7044
170	Colombia	77.2585	79.0599	80.6518	82.0332	83.2021	84.2011	85.1027	85.9908	86.8308	87.6619	88.446	89.2795	90.0512	90.8122	91.558	92.316
218	Ecuador	77.1902	79.1021	80.7672	82.2	83.3785	84.419	85.3357	86.2349	87.1044	87.9404	88.7755	89.5542	90.342	91.0978	91.8603	92.6357
254	French Guiana	79.7084	81.3856	82.7063	83.8317	84.8232	85.7707	86.6785	87.5312	88.3918	89.2335	90.0623	90.9055	91.6812	92.4623	93.2609	94.0223
328	Guyana	69.6329	71.1423	72.47	73.651	74.8223	75.9436	77.0707	78.1688	79.2816	80.4036	81.4531	82.4116	83.3203	84.1112	84.849	85.5597
600	Paraguay	74.8246	76.2158	77.4873	78.6092	79.7266	80.845	81.9449	82.9581	83.8699	84.6789	85.3956	86.1703	86.8718	87.5908	88.3171	89.0346
604	Peru	77.0438	78.9943	80.7054	82.2168	83.4489	84.5238	85.4292	86.3464	87.2275	88.0837	88.8911	89.7036	90.5035	91.2964	92.0604	92.8234
740	Suriname	71.3056	72.9211	74.336	75.6344	76.8893	78.1185	79.335	80.5373	81.6194	82.6044	83.5027	84.3204	85.1153	85.8664	86.5685	87.2942
858	Uruguay	76.7508	78.5378	80.0502	81.3004	82.3981	83.3988	84.2768	85.1032	85.9522	86.7819	87.5867	88.3556	89.1439	89.9452	90.7189	91.4963
862	Venezuela (Bolivarian Republic of)	70.9245	73.2293	74.7399	76.1282	77.4714	78.7352	79.9735	81.1382	82.1756	83.082	83.9189	84.707	85.4475	86.2114	86.9504	87.6627
36	Australia	83.4522	84.702	85.7891	86.8087	87.7367	88.651	89.5428	90.4234	91.277	92.0924	92.8997	93.7081	94.498	95.2616	96.0414	96.7972
554	New Zealand	82.9011	84.2133	85.2882	86.2798	87.2345	88.1523	89.0077	89.8565	90.6692	91.4841	92.2698	93.0536	93.8233	94.617	95.3414	96.1129
928	Melanesia	67.277	69.0011	70.4492	71.6659	72.6992	73.7273	74.6729	75.7256	76.786	77.7051	78.7036	79.7005	80.6164	81.5364	82.4732	83.2804
242	Fiji	68.4357	69.9428	71.3811	72.4839	73.4855	74.4981	75.5184	76.5086	77.4733	78.526	79.536	80.5547	81.5572	82.565	83.4504	84.2441
540	New Caledonia	77.6822	79.4809	81.0489	82.3876	83.5473	84.5323	85.4203	86.3159	87.1485	87.9481	88.7753	89.5601	90.351	91.1363	91.8862	92.6304
598	Papua New Guinea	66.7134	68.8246	70.528	71.9076	73.1425	74.3548	75.499	76.5314	77.5898	78.6749	79.6887	80.709	81.7001	82.6345	83.4873	84.278
90	Solomon Islands	73.9381	75.4068	76.6814	77.865	78.9808	80.1081	81.2463	82.2828	83.2907	84.1887	84.9319	85.6396	86.361	87.0797	87.8099	88.5207
548	Vanuatu	71.7526	73.2442	74.5293	75.6628	76.734	77.8268	78.8821	79.939	80.9364	81.9645	82.945	83.8258	84.5999	85.2659	85.9606	86.6553
954	Micronesia	72.1994	73.4703	74.5639	75.5116	76.3903	77.2491	78.0231	78.8203	79.5815	80.3911	81.2574	82.0977	82.9146	83.7052	84.4748	85.1397
316	Guam	79.5007	81.1522	82.4727	83.5533	84.5313	85.489	86.395	87.2958	88.1617	88.996	89.8301	90.6772	91.4497	92.2682	93.0325	93.8261
296	Kiribati	67.5428	69.6276	71.389	73.0023	74.5228	75.9602	77.3668	78.7001	79.9913	81.1367	82.1297	83.0854	83.9457	84.7112	85.4924	86.2334
583	Micronesia (Fed. States of)	68.9616	70.3201	71.4264	72.4419	73.3775	74.2971	75.198	76.1546	77.1067	78.0871	79.0296	80.0284	80.9892	81.9661	82.8757	83.6873
957	Polynesia	74.5758	75.776	76.9147	77.963	78.998	79.8947	80.8309	81.6093	82.4063	83.1215	83.8019	84.4637	85.1158	85.7993	86.4984	87.1666
258	French Polynesia	78.309	80.0577	81.5621	82.8959	84.0357	84.9776	85.8499	86.6976	87.5619	88.3504	89.17	89.9452	90.7199	91.4865	92.1989	92.9621
882	Samoa	74.0302	75.5469	76.869	78.1069	79.3072	80.4851	81.5926	82.6864	83.6471	84.4962	85.2324	85.9733	86.7024	87.4168	88.157	88.8601
776	Tonga	71.6313	73.0119	74.2114	75.3171	76.3398	77.3776	78.4279	79.4602	80.5258	81.525	82.4947	83.4358	84.2205	84.9071	85.5889	86.304
923	Eastern Europe	71.0345	72.3727	73.627	74.8472	76.0513	77.2009	78.2253	79.1632	80.0886	81.0426	81.9135	82.7108	83.4562	84.1102	84.8661	85.5578
112	Belarus	72.3005	74.1028	75.6987	77.1986	78.5421	79.7546	80.7968	81.8047	82.7017	83.5436	84.3386	85.1017	85.8276	86.5505	87.3365	88.048
100	Bulgaria	74.2237	75.8664	77.3034	78.6531	79.9679	81.1292	82.1896	83.1382	83.9687	84.7701	85.493	86.2607	86.9994	87.7113	88.4402	89.1607
203	Czechia	79.2598	80.9659	82.3031	83.4309	84.443	85.2982	86.1833	86.9974	87.8323	88.639	89.4284	90.1915	90.9842	91.7445	92.4954	93.2407
348	Hungary	75.8645	77.5685	79.1206	80.4729	81.659	82.701	83.6561	84.5018	85.3249	86.1448	86.9403	87.7133	88.4896	89.2523	90.0229	90.7779
616	Poland	77.4372	79.2516	80.6739	81.9	82.9389	83.9014	84.7999	85.6445	86.4919	87.3222	88.1335	88.9145	89.706	90.488	91.281	92.0298
498	Republic of Moldova	70.3567	71.9982	73.4818	74.7992	76.0753	77.3411	78.5816	79.7636	80.8585	81.8534	82.7461	83.5854	84.4014	85.1597	85.927	86.6552
642	Romania	75.267	76.972	78.4299	79.8611	81.1009	82.2047	83.1952	84.0809	84.8988	85.7266	86.5071	87.2818	88.0495	88.8277	89.5977	90.3475
643	Russian Federation	69.8672	71.6693	73.2745	74.7962	76.2328	77.6011	78.8163	79.9318	80.9769	81.9285	82.7845	83.6436	84.4056	85.1546	85.8923	86.6312
703	Slovakia	76.6387	78.3457	79.8843	81.1792	82.309	83.2996	84.187	85.0333	85.8339	86.6216	87.4333	88.2113	88.9768	89.7404	90.475	91.2413
804	Ukraine	69.8779	71.606	73.1456	74.573	75.9813	77.3225	78.5833	79.7487	80.7789	81.726	82.6122	83.445	84.2237	84.9953	85.7235	86.476
924	Northern Europe	81.0071	82.3471	83.4207	84.3575	85.2651	86.0835	86.8805	87.6314	88.3905	89.1241	89.861	90.4896	91.1855	91.8896	92.5434	93.2345
830	Channel Islands	83.2392	84.5404	85.6249	86.6224	87.5639	88.4651	89.3856	90.2273	91.0509	91.8735	92.6716	93.4491	94.2662	95.0312	95.7956	96.5696
208	Denmark	81.4054	82.9272	84.1046	85.0807	86.0329	86.8954	87.7731	88.6269	89.4101	90.1978	90.9978	91.7956	92.5701	93.2909	94.0484	94.7794
233	Estonia	76.9288	78.7221	80.1357	81.3454	82.3887	83.3364	84.2381	85.0832	85.9047	86.7205	87.4945	88.2905	89.0744	89.8378	90.6083	91.382
246	Finland	81.3054	82.7342	83.8973	84.8937	85.8348	86.7731	87.6594	88.5355	89.3885	90.1988	91.0319	91.8232	92.6271	93.4311	94.1966	94.9665
352	Iceland	83.6795	84.9353	86.0264	87.0188	87.9363	88.8463	89.6891	90.504	91.3083	92.1004	92.8562	93.6194	94.3697	95.1248	95.8543	96.6067
372	Ireland	83.0102	84.3395	85.4096	86.4449	87.3965	88.2906	89.1625	89.9933	90.8278	91.6262	92.4026	93.1599	93.9227	94.6661	95.4206	96.1562
428	Latvia	72.9059	74.7049	76.33	77.7948	79.1115	80.2249	81.2699	82.2307	83.0924	83.9065	84.6944	85.4667	86.2116	86.991	87.723	88.4926
440	Lithuania	72.9932	74.908	76.5928	77.9837	79.211	80.2896	81.2821	82.201	83.0542	83.8826	84.6416	85.4068	86.1874	86.9223	87.6868	88.4219
578	Norway	82.7271	84.0608	85.1311	86.1437	87.0777	87.9672	88.8543	89.7103	90.5363	91.3614	92.1413	92.9291	93.6709	94.4514	95.1796	95.9638
752	Sweden	83.2404	84.5452	85.6101	86.5925	87.5339	88.419	89.2993	90.1462	90.9872	91.7835	92.5577	93.3455	94.1116	94.875	95.6202	96.3785
826	United Kingdom	82.0639	83.5058	84.6347	85.6238	86.5711	87.4585	88.313	89.1461	89.933	90.7286	91.4957	92.2611	93.0036	93.753	94.4832	95.2213
925	Southern Europe	81.0916	82.1703	83.1014	84.0184	84.8374	85.6562	86.4264	87.1402	87.8823	88.5823	89.2943	90.0146	90.7388	91.4623	92.1809	92.8915
8	Albania	79.466	80.9816	82.3611	83.5622	84.5511	85.3833	86.2153	87.023	87.8119	88.5911	89.3511	90.105	90.8517	91.5922	92.314	93.032
70	Bosnia and Herzegovina	77.5517	79.2279	80.7047	82.0453	83.2178	84.208	85.0683	85.9071	86.7196	87.5266	88.313	89.0868	89.8395	90.5995	91.382	92.0968
191	Croatia	77.9519	79.739	81.2159	82.4465	83.5143	84.4474	85.3179	86.1786	87.014	87.8344	88.6395	89.4638	90.2325	91.0163	91.7912	92.5614
300	Greece	82.0384	83.4366	84.5459	85.5356	86.4962	87.4431	88.3281	89.2306	90.0478	90.8648	91.6743	92.4878	93.2851	94.0613	94.8335	95.5875
380	Italy	83.2886	84.5711	85.67	86.702	87.6535	88.5641	89.475	90.3378	91.1902	92.0052	92.8297	93.6517	94.4349	95.2231	96.007	96.7753
470	Malta	82.9959	84.3297	85.4171	86.4249	87.3755	88.2816	89.1826	90.0364	90.8911	91.6903	92.4586	93.2474	94.014	94.7925	95.525	96.2683
499	Montenegro	77.0994	78.7391	80.1467	81.4695	82.6484	83.6683	84.5786	85.3534	86.15	86.9207	87.6731	88.4392	89.1693	89.8792	90.6006	91.3345
807	North Macedonia	76.437	78.0007	79.3332	80.6113	81.8021	82.9143	83.9195	84.7615	85.5492	86.3112	87.0645	87.7908	88.5341	89.2651	90	90.6945
620	Portugal	81.2178	82.657	83.8133	84.862	85.8409	86.7611	87.6796	88.5683	89.4242	90.2496	91.0769	91.9215	92.7249	93.5318	94.3097	95.077
688	Serbia	76.0328	77.6689	79.0883	80.3894	81.6529	82.7729	83.754	84.6316	85.4135	86.2065	86.9911	87.7962	88.5433	89.3042	90.0471	90.7967
705	Slovenia	80.9819	82.4594	83.6415	84.6572	85.5978	86.5032	87.3832	88.2535	89.0807	89.9149	90.709	91.5232	92.3115	93.1306	93.9073	94.6709
724	Spain	82.7671	84.015	85.1154	86.1236	87.0792	88.0103	88.9052	89.7821	90.6163	91.4265	92.2325	93.0558	93.8334	94.6316	95.4037	96.1677
926	Western Europe	81.1078	82.244	83.2333	84.085	84.8912	85.6693	86.3911	87.1036	87.8325	88.4601	89.1255	89.9048	90.5644	91.2372	91.8974	92.5405
40	Austria	81.6341	83.0874	84.2203	85.225	86.1705	87.0918	87.9854	88.8413	89.6728	90.511	91.3004	92.0944	92.8981	93.6532	94.4453	95.2201
56	Belgium	81.78	83.2048	84.3421	85.3284	86.2735	87.2079	88.0673	88.9299	89.7703	90.59	91.4031	92.2032	92.9844	93.7252	94.4856	95.2508
250	France	81.7088	83.0058	84.1059	85.1279	86.0716	87.004	87.8822	88.7565	89.5944	90.4124	91.244	92.0653	92.8548	93.6492	94.4223	95.1931
276	Germany	81.4586	82.9096	84.0482	85.0609	85.9976	86.9285	87.8091	88.6625	89.5118	90.3353	91.1187	91.9283	92.7236	93.4916	94.2772	95.0151
442	Luxembourg	82.4716	83.816	84.939	85.9318	86.8994	87.8157	88.7252	89.5834	90.4245	91.261	92.0625	92.8592	93.6221	94.4023	95.1737	95.9209
528	Netherlands	82.9257	84.2254	85.2667	86.2409	87.1789	88.0896	88.9194	89.7445	90.5833	91.3701	92.1569	92.9167	93.6782	94.433	95.1639	95.8994
756	Switzerland	83.8015	85.0575	86.1384	87.1452	88.1148	89.0172	89.891	90.7784	91.6009	92.4246	93.2464	94.0486	94.8185	95.6272	96.3725	97.1117
124	Canada	82.7566	84.0862	85.1758	86.1792	87.1218	88.0319	88.9281	89.7509	90.5883	91.4004	92.1985	92.9702	93.7436	94.4896	95.2392	95.9901
840	United States of America	78.5997	80.2471	82.1415	83.2795	84.2752	85.157	86.015	86.8316	87.6583	88.43	89.2072	89.9965	90.7652	91.5089	92.2639	93.0166
