country_code	name	2020-2025	2025-2030	2030-2035	2035-2040	2040-2045	2045-2050	2050-2055	2055-2060	2060-2065	2065-2070	2070-2075	2075-2080	2080-2085	2085-2090	2090-2095	2095-2100
900	World	70.3308	70.8916	71.4722	71.9931	72.519	73.0432	73.5438	74.0228	74.486	74.9175	75.3728	75.7816	76.2095	76.6048	77.0223	77.4504
947	Sub-Saharan Africa	59.6319	60.6326	61.5592	62.4112	63.2022	63.9482	64.5703	65.1995	65.8014	66.3639	66.9395	67.4759	68.0013	68.483	68.9417	69.4893
1833	Northern Africa and Western Asia	71.8791	72.462	73.028	73.5679	74.1331	74.6481	75.1569	75.5884	76.0018	76.4162	76.7814	77.1876	77.5931	77.9549	78.4069	78.7824
921	Central and Southern Asia	68.2874	68.4451	68.6821	68.9801	69.3639	69.6973	70.0797	70.4067	70.7425	71.1574	71.5339	71.887	72.2676	72.6732	73.0716	73.4834
1832	Eastern and South-Eastern Asia	73.7116	73.8521	74.1031	74.4067	74.7891	75.1959	75.6342	76.1314	76.7064	77.2499	77.8052	78.4362	78.9238	79.4851	80.0903	80.6789
1830	Latin America and the Caribbean	72.3689	72.9893	73.7298	74.4593	75.2019	75.9705	76.7615	77.5462	78.2404	78.9683	79.6238	80.2672	80.8504	81.4548	81.9901	82.512
927	Australia/New Zealand	80.472	80.7094	81.1562	81.5012	81.8522	82.1492	82.4902	82.8769	83.1168	83.4541	83.8209	84.0575	84.3873	84.73	85.0132	85.2854
1835	Oceania (excluding Australia and New Zealand)	64.8752	64.8699	64.9652	65.011	65.0644	65.1592	65.3109	65.4308	65.6494	65.8518	66.0711	66.2444	66.4708	66.7475	66.9594	67.2503
1829	Europe and Northern America	75.5139	76.0189	76.7938	77.3812	77.9976	78.5831	79.1787	79.7929	80.3633	80.9832	81.5631	82.1283	82.6267	83.1682	83.673	84.1586
903	Africa	61.6848	62.6004	63.4724	64.2622	65.0037	65.6984	66.299	66.8831	67.4342	67.9373	68.4442	68.9308	69.4225	69.9292	70.3655	70.8593
935	Asia	71.3806	71.75	72.2038	72.6114	73.0902	73.5627	74.0322	74.5432	75.0388	75.5017	75.9964	76.4983	76.9856	77.4522	77.9394	78.4274
908	Europe	75.3818	76.0157	76.6758	77.3437	77.9613	78.5544	79.1572	79.7293	80.3703	80.9506	81.5612	82.1944	82.7065	83.2439	83.712	84.2609
904	Latin America and the Caribbean	72.3689	72.9893	73.7298	74.4593	75.2019	75.9705	76.7615	77.5462	78.2404	78.9683	79.6238	80.2672	80.8504	81.4548	81.9901	82.512
905	Northern America	75.2805	75.1213	75.8145	75.9353	76.3701	76.8538	77.2406	77.7328	78.1082	78.541	79.159	79.5641	79.9887	80.4463	81.0069	81.48
909	Oceania	76.0987	76.2957	76.5851	76.7316	76.9442	77.2208	77.4465	77.6633	77.8305	78.1133	78.3765	78.5897	78.834	79.1496	79.4331	79.6922
901	More developed regions	76.2558	76.7729	77.5168	78.0839	78.678	79.2516	79.8357	80.4275	80.9955	81.5847	82.1641	82.7278	83.2426	83.7488	84.2356	84.7295
902	Less developed regions	69.036	69.579	70.1639	70.6901	71.2513	71.7853	72.3051	72.7973	73.2886	73.7334	74.2132	74.6549	75.0733	75.4741	75.9165	76.3533
941	Least developed countries	63.5979	64.4939	65.3367	66.0908	66.7985	67.4509	68.0531	68.597	69.1485	69.6676	70.1511	70.6416	71.1567	71.6091	72.0929	72.5811
934	Less developed regions, excluding least developed countries	70.1279	70.5646	71.0766	71.5386	72.0166	72.542	73.0468	73.5309	73.9526	74.4309	74.8678	75.2653	75.6347	76.0387	76.4704	76.7838
948	Less developed regions, excluding China	67.6088	68.2202	68.8614	69.4522	70.0471	70.6034	71.1366	71.6015	72.0752	72.5304	72.9611	73.4072	73.8397	74.2849	74.6977	75.1898
1636	Land-locked Developing Countries (LLDC)	63.7355	64.6112	65.3953	66.132	66.8161	67.4318	67.9953	68.5703	69.0748	69.6158	70.1324	70.6191	71.1684	71.6927	72.1957	72.784
1637	Small Island Developing States (SIDS)	70.1094	70.6152	71.1848	71.6658	72.0604	72.4635	72.8239	73.1536	73.4913	73.8072	74.1169	74.3932	74.6892	74.8847	75.1238	75.4399
1503	High-income countries	78.2667	78.7534	79.4397	79.9378	80.4765	80.9789	81.4703	81.9972	82.4733	82.9752	83.4757	83.9454	84.4306	84.884	85.376	85.8524
1517	Middle-income countries	69.5119	69.9907	70.5242	71.031	71.5612	72.0956	72.6189	73.1537	73.6078	74.0746	74.5706	74.9445	75.3615	75.7594	76.1714	76.5622
1502	Upper-middle-income countries	73.0282	73.4088	73.8453	74.3721	74.8744	75.4137	76.045	76.677	77.3708	78.0002	78.6079	79.2152	79.7366	80.3289	80.9227	81.492
1501	Lower-middle-income countries	66.628	66.9891	67.4159	67.856	68.3046	68.7545	69.2	69.5991	70.0075	70.4303	70.8748	71.2684	71.6918	72.0662	72.4946	72.9305
1500	Low-income countries	62.4414	63.5033	64.3904	65.1816	65.9239	66.5769	67.179	67.7555	68.2798	68.7695	69.2805	69.788	70.2922	70.8102	71.3233	71.8705
1518	No income group available	76.3273	76.7617	77.1953	77.5017	77.7964	78.0549	78.3365	78.65	79.0622	79.5128	79.9879	80.5232	81.0423	81.4771	81.9646	82.4604
910	Eastern Africa	62.8768	63.8101	64.6763	65.4674	66.1722	66.8354	67.4202	68.0025	68.5909	69.1778	69.7605	70.3812	70.9353	71.5643	72.1857	72.8387
108	Burundi	57.9515	58.0661	58.3667	58.7064	59.0003	59.3533	59.6916	60.0044	60.3459	60.7196	60.9943	61.288	61.5975	61.8931	62.1761	62.5344
174	Comoros	60.5492	60.2884	60.2335	60.2523	60.3996	60.4879	60.6654	60.7671	60.9329	61.1141	61.3286	61.5061	61.7236	61.895	62.089	62.294
262	Djibouti	63.1022	62.9313	62.9272	63.0306	63.1748	63.2491	63.4544	63.653	63.883	64.0626	64.3326	64.6016	64.8628	65.0818	65.3679	65.641
232	Eritrea	62.4125	62.4998	62.6725	62.9192	63.1727	63.4468	63.7059	63.9858	64.2828	64.5478	64.8378	65.0983	65.4326	65.7253	66.0188	66.336
231	Ethiopia	62.9705	63.0751	63.2948	63.5575	63.848	64.1673	64.3965	64.6929	64.9527	65.2445	65.5983	65.8761	66.169	66.4956	66.8231	67.1071
404	Kenya	62.3063	62.1276	62.1121	62.1843	62.3207	62.5367	62.7083	62.9071	63.1393	63.3649	63.6017	63.9509	64.2104	64.5336	64.8449	65.1938
450	Madagascar	63.8118	64.0315	64.313	64.6252	64.9513	65.3334	65.6349	65.9231	66.2213	66.4807	66.761	67.0798	67.415	67.7529	68.0666	68.462
454	Malawi	59.4674	59.846	60.2755	60.7191	61.1531	61.5427	61.9729	62.3335	62.75	63.1438	63.5253	63.9023	64.2438	64.6298	64.991	65.3652
480	Mauritius	69.9848	69.7844	69.7898	69.9298	70.1518	70.4398	70.7969	71.1341	71.5616	71.9961	72.4767	72.9586	73.5187	74.055	74.5875	75.1332
175	Mayotte	74.6921	74.9037	76.004	76.5919	77.2332	77.8381	78.4448	78.9896	79.442	79.9099	80.3352	80.7017	81.0216	81.3849	81.7212	82.0798
508	Mozambique	56.0811	56.46	57.0004	57.5169	57.9821	58.4309	58.9136	59.3464	59.7683	60.1844	60.5433	60.8882	61.2273	61.5745	61.9579	62.253
638	Reunion	76.6233	76.9195	77.3976	78.0101	78.585	79.1267	79.6013	80.0215	80.4237	80.7814	81.1074	81.4746	81.8132	82.096	82.4368	82.7236
646	Rwanda	64.9777	64.9679	65.0895	65.2544	65.4913	65.7059	65.9493	66.2198	66.5116	66.7846	67.119	67.4349	67.7549	68.0616	68.4187	68.8233
690	Seychelles	67.9859	67.5998	67.691	67.7592	67.8746	68.0822	68.3574	68.631	68.9786	69.3178	69.7112	70.1437	70.6096	71.065	71.5262	72.0688
706	Somalia	53.7631	53.7949	54.0705	54.4496	54.8863	55.2867	55.7154	56.1087	56.4535	56.8265	57.1578	57.4519	57.7849	58.0725	58.3411	58.6451
728	South Sudan	54.3084	54.2359	54.4097	54.6758	54.9839	55.2573	55.5797	55.8497	56.1486	56.4639	56.7689	57.0428	57.3004	57.5387	57.8136	58.0743
800	Uganda	59.1273	59.1714	59.3679	59.6105	59.8609	60.1959	60.4618	60.7954	61.1056	61.3983	61.6592	61.9864	62.2282	62.505	62.7791	63.071
834	United Republic of Tanzania	61.6786	61.6718	61.8101	62.0083	62.2325	62.4644	62.7118	62.9152	63.204	63.4203	63.6717	63.9226	64.1704	64.4657	64.6684	64.995
894	Zambia	58.8541	58.803	58.9037	59.0814	59.3121	59.5525	59.789	60.0585	60.3363	60.634	60.8795	61.1885	61.5563	61.7906	62.0664	62.3211
716	Zimbabwe	57.526	57.322	57.3041	57.3247	57.4694	57.6118	57.7865	57.9393	58.1512	58.3257	58.5467	58.8205	59.0792	59.2938	59.5201	59.723
911	Middle Africa	57.545	58.0876	58.6076	59.2402	59.8433	60.3965	60.9162	61.3245	61.7952	62.1582	62.6373	62.9635	63.4128	63.8285	64.1919	64.6163
24	Angola	56.6199	56.7485	56.996	57.3327	57.6453	57.9644	58.3158	58.6124	58.8691	59.2185	59.4733	59.7372	60.0107	60.2394	60.5827	60.8151
120	Cameroon	55.9996	55.9795	56.0717	56.2979	56.5381	56.7502	56.9636	57.215	57.4605	57.6488	57.8876	58.1664	58.4024	58.711	58.9727	59.2212
140	Central African Republic	49.002	49.1108	49.4357	49.8161	50.1666	50.5721	50.9004	51.2719	51.5792	51.9188	52.2365	52.6005	52.8503	53.1551	53.4367	53.7163
148	Chad	50.6647	50.5671	50.7272	50.9851	51.3647	51.6822	52.0752	52.4763	52.8931	53.2574	53.6446	54.0503	54.4245	54.7677	55.0999	55.4498
178	Congo	60.8821	60.442	60.2212	60.1739	60.1745	60.1743	60.2225	60.3063	60.405	60.4778	60.6056	60.7097	60.8598	61.0164	61.1465	61.3097
180	Democratic Republic of the Congo	57.1535	57.0238	57.1395	57.3344	57.5376	57.8202	58.0106	58.2562	58.5239	58.7524	58.9919	59.232	59.4751	59.6305	59.8803	60.1127
226	Equatorial Guinea	55.8046	55.8457	56.091	56.3288	56.554	56.8433	57.0673	57.3161	57.5868	57.8796	58.0745	58.2703	58.4934	58.6807	58.9666	59.1628
266	Gabon	62.2698	61.901	61.7532	61.741	61.7407	61.7559	61.8647	61.9969	62.1047	62.255	62.4342	62.5681	62.7678	62.9705	63.1487	63.4238
678	Sao Tome and Principe	66.0512	65.7439	65.6809	65.6444	65.784	65.903	66.0854	66.3282	66.5412	66.7896	67.0854	67.4309	67.7382	68.1213	68.4967	68.8722
913	Southern Africa	60.0378	60.141	60.247	60.4642	60.7268	61.0336	61.3687	61.7159	62.0945	62.4216	62.6453	62.989	63.3608	63.6735	64.0627	64.3889
72	Botswana	64.1943	63.7136	63.5068	63.3668	63.3231	63.3155	63.3747	63.4742	63.6087	63.7546	63.9258	64.0769	64.3177	64.535	64.759	64.991
748	Eswatini	54.1015	54.3916	54.7913	55.2294	55.6241	56.0275	56.3888	56.7566	57.1379	57.4329	57.7908	58.1429	58.4504	58.7842	59.0858	59.3937
426	Lesotho	49.4142	49.9298	50.5949	51.3031	52.012	52.689	53.3058	53.9573	54.5041	54.9811	55.5112	55.9357	56.3614	56.7945	57.144	57.5922
516	Namibia	58.9359	59.0552	59.3484	59.6701	59.9562	60.22	60.524	60.8571	61.1326	61.3869	61.6775	62.002	62.2444	62.54	62.7681	63.093
710	South Africa	58.746	58.6678	58.7567	58.868	59.0739	59.2637	59.5158	59.7964	60.0549	60.3223	60.5837	60.8526	61.1085	61.3533	61.6691	61.9528
914	Western Africa	56.7581	57.3977	58.0396	58.6596	59.2476	59.8608	60.3889	60.9117	61.3768	61.8773	62.2993	62.7337	63.1826	63.6312	63.9213	64.2719
204	Benin	58.2487	58.1446	58.215	58.35	58.5094	58.662	58.849	59.0627	59.2553	59.4792	59.6888	59.906	60.1314	60.3271	60.5322	60.7695
854	Burkina Faso	59.0049	59.1958	59.416	59.7158	60.0078	60.2983	60.5235	60.8333	61.0714	61.2869	61.5583	61.7969	62.0161	62.2685	62.5025	62.7711
132	Cabo Verde	67.7507	67.5143	67.5152	67.6454	67.8831	68.1434	68.4656	68.8314	69.2699	69.7053	70.1295	70.5978	71.0832	71.5852	72.1157	72.6964
384	Cote d'Ivoire	54.4862	54.4681	54.635	54.8911	55.1827	55.4547	55.7754	56.0495	56.3223	56.6755	56.9287	57.2308	57.5524	57.8403	58.1374	58.4885
270	Gambia	58.7891	58.7737	58.9205	59.0677	59.2458	59.453	59.642	59.839	60.0627	60.277	60.514	60.6849	60.9221	61.1595	61.3857	61.6525
288	Ghana	60.9702	60.7508	60.6839	60.6913	60.7799	60.9148	61.0271	61.1348	61.2693	61.4412	61.6047	61.768	61.9421	62.1806	62.3601	62.5618
324	Guinea	58.9005	58.9194	59.07	59.2502	59.4802	59.6304	59.8238	59.9879	60.2132	60.4162	60.5818	60.791	60.9601	61.1467	61.3362	61.5082
624	Guinea-Bissau	54.3985	54.4909	54.7491	55.0596	55.4086	55.7642	56.1441	56.4931	56.8171	57.107	57.3741	57.6443	57.9381	58.2267	58.4411	58.7284
430	Liberia	60.733	60.594	60.6307	60.7136	60.9002	61.0506	61.2255	61.348	61.4776	61.7334	61.9323	62.1606	62.314	62.5245	62.722	62.9257
466	Mali	56.6302	56.6963	56.8906	57.0899	57.294	57.5225	57.6787	57.8762	58.1018	58.3249	58.4687	58.6798	58.8695	59.0354	59.2051	59.4209
478	Mauritania	61.1863	60.7716	60.6535	60.5769	60.5734	60.6247	60.7218	60.7824	60.9552	61.0635	61.1613	61.2988	61.4801	61.639	61.8544	62.0058
562	Niger	59.6553	60.0431	60.505	60.9164	61.2806	61.616	61.9472	62.2098	62.4752	62.6935	62.9359	63.1215	63.3272	63.5598	63.7808	63.969
566	Nigeria	51.7541	51.8117	52.1053	52.5119	52.907	53.2465	53.6595	54.061	54.452	54.7955	55.0914	55.4149	55.7113	55.983	56.3025	56.5768
686	Senegal	63.9512	63.9003	64.032	64.2241	64.4823	64.7059	64.9459	65.1942	65.4205	65.7966	66.0858	66.3997	66.6917	66.9984	67.3396	67.6824
694	Sierra Leone	51.9836	52.3383	52.8585	53.4159	53.9252	54.4702	54.9563	55.4253	55.7565	56.0872	56.4698	56.7965	57.0971	57.3529	57.6122	57.8373
768	Togo	58.1635	58.0597	58.1697	58.3024	58.4957	58.701	58.9055	59.1464	59.3968	59.6349	59.8851	60.138	60.3604	60.6269	60.8727	61.1384
912	Northern Africa	70.5058	70.849	71.2182	71.6411	72.1207	72.513	72.9124	73.3143	73.6712	73.9862	74.3092	74.6566	75.0712	75.4463	75.8189	76.1843
12	Algeria	74.0258	73.8868	73.9552	74.126	74.3681	74.6957	75.0784	75.4405	75.91	76.3531	76.8342	77.3338	77.7809	78.2307	78.7175	79.2516
818	Egypt	67.8674	67.5411	67.466	67.4434	67.55	67.6973	67.9505	68.18	68.4929	68.7725	69.0792	69.4464	69.7883	70.2055	70.6319	71.1015
434	Libya	68.2745	67.9354	67.8563	67.9045	68.0262	68.2378	68.486	68.7727	69.1115	69.503	69.9139	70.3315	70.7668	71.2149	71.705	72.1836
504	Morocco	73.865	73.8619	74.0285	74.341	74.6519	75.1032	75.5826	76.0943	76.5863	77.075	77.586	78.1186	78.6609	79.1459	79.6669	80.1896
729	Sudan	61.5388	61.3398	61.3738	61.4752	61.6294	61.7812	61.9521	62.2046	62.4141	62.6326	62.876	63.096	63.3569	63.6157	63.8406	64.1175
788	Tunisia	73.1426	73.1058	73.2569	73.5428	73.8753	74.315	74.7733	75.2703	75.776	76.3039	76.8176	77.3399	77.8668	78.3764	78.9035	79.4372
732	Western Sahara	66.808	66.745	66.8145	66.9957	67.1869	67.4342	67.7135	67.937	68.242	68.5432	68.8788	69.261	69.6517	70.0503	70.4943	70.9175
922	Western Asia	72.7585	73.3031	73.8359	74.2981	74.8592	75.3872	75.8244	76.2788	76.7211	77.1254	77.5156	77.9103	78.2724	78.6103	78.9279	79.1985
51	Armenia	69.6041	69.2751	69.2245	69.3092	69.4688	69.6829	69.9287	70.2586	70.5717	70.9501	71.3208	71.7659	72.2121	72.6496	73.1389	73.6107
31	Azerbaijan	68.445	67.8387	67.5266	67.3057	67.219	67.2294	67.248	67.3216	67.4597	67.6684	67.9015	68.1762	68.4262	68.7327	69.0519	69.4456
48	Bahrain	74.665	74.2917	74.1502	74.1532	74.2036	74.3324	74.5467	74.8032	75.0787	75.3894	75.7684	76.0889	76.4824	76.8964	77.3027	77.6827
196	Cyprus	77.6266	77.6065	77.8024	78.0871	78.4775	78.9008	79.3646	79.8299	80.2871	80.7469	81.1591	81.5714	81.9651	82.3256	82.6517	82.9418
268	Georgia	67.6088	67.3551	67.36	67.4919	67.6895	67.9777	68.3202	68.6839	69.1136	69.5602	70.0443	70.5342	71.0668	71.5424	72.0577	72.5904
368	Iraq	66.5425	66.1182	65.9695	65.8848	65.8999	65.951	66.0444	66.1635	66.3175	66.4961	66.7276	66.965	67.1992	67.4503	67.7367	67.9882
376	Israel	80.112	80.1815	80.4512	80.8019	81.2214	81.6085	81.9868	82.3454	82.6934	82.9957	83.3067	83.5948	83.8696	84.1533	84.4494	84.7558
400	Jordan	70.929	70.5076	70.3192	70.3197	70.3719	70.4844	70.6816	70.9017	71.1618	71.4866	71.794	72.1944	72.5405	72.9656	73.4054	73.8325
414	Kuwait	72.7754	72.2222	71.9072	71.7118	71.6779	71.6913	71.7707	71.914	72.0927	72.2611	72.4974	72.7866	73.0235	73.3664	73.7006	74.0632
422	Lebanon	75.4626	75.2983	75.7306	75.9401	76.216	76.581	76.9884	77.4631	77.9047	78.4364	78.9614	79.4675	79.9941	80.484	80.9762	81.4272
512	Oman	74.7737	74.8827	75.2561	75.6808	76.2255	76.7537	77.3369	77.8964	78.5374	79.1399	79.7235	80.2868	80.8376	81.3289	81.7823	82.201
634	Qatar	77.7646	77.7159	77.8693	78.1503	78.5236	78.9263	79.3505	79.8072	80.2444	80.6854	81.1253	81.5312	81.9114	82.2999	82.6585	82.9924
682	Saudi Arabia	72.1466	71.8606	71.793	71.8841	72.0196	72.2071	72.4484	72.7939	73.0849	73.4584	73.8401	74.1803	74.6547	75.0718	75.5321	75.9438
275	State of Palestine	70.5804	70.2057	70.098	70.1094	70.2427	70.3909	70.6263	70.9281	71.1932	71.5333	71.8987	72.2893	72.6813	73.1028	73.5366	74.0104
760	Syrian Arab Republic	70.8661	72.4263	72.4987	72.6345	72.8195	72.9042	73.0023	73.127	73.2584	73.4455	73.7373	74.1139	74.5746	75.1451	75.6722	76.3196
792	Turkey	73.4421	73.7064	74.1663	74.7231	75.3408	76.0121	76.6916	77.3666	78.0302	78.755	79.3996	80.004	80.5261	81.0513	81.5143	81.934
784	United Arab Emirates	75.6243	75.375	75.3503	75.4439	75.5848	75.8401	76.1073	76.4162	76.7502	77.1435	77.5464	77.9478	78.351	78.7678	79.2055	79.6288
887	Yemen	62.1527	61.8094	62.1095	62.0538	62.0753	62.1883	62.2943	62.4159	62.5621	62.7442	62.917	63.0546	63.2042	63.435	63.6688	63.8896
5500	Central Asia	68.5086	68.6997	68.9544	69.2467	69.6213	69.9814	70.3797	70.7775	71.2046	71.7112	72.1577	72.7901	73.322	73.864	74.4143	74.9921
398	Kazakhstan	67.282	66.9909	66.9179	66.9744	67.2258	67.4396	67.7725	68.0896	68.4617	68.867	69.3057	69.7959	70.255	70.7448	71.2882	71.8087
417	Kyrgyzstan	65.528	65.1529	64.9876	65.0073	65.1239	65.2326	65.4492	65.6534	65.9985	66.3421	66.6667	67.0624	67.4925	67.9465	68.3527	68.8192
762	Tajikistan	67.0625	66.8111	66.7429	66.7734	66.9094	67.0515	67.2662	67.4829	67.7691	68.0054	68.2663	68.5946	69.003	69.3898	69.7759	70.1829
795	Turkmenistan	62.6275	62.1562	61.9295	61.8331	61.8196	61.8612	61.9781	62.0557	62.1986	62.3894	62.56	62.7966	63.0428	63.2685	63.5221	63.812
860	Uzbekistan	67.4425	66.801	66.4294	66.1989	66.0353	65.9954	65.966	66.0082	66.0492	66.1758	66.3432	66.4905	66.6873	66.9427	67.1372	67.4496
5501	Southern Asia	68.2417	68.3897	68.6082	68.8912	69.2561	69.5824	69.9579	70.2873	70.6033	70.9995	71.3509	71.6642	72.0272	72.4167	72.7684	73.1309
4	Afghanistan	61.7026	61.859	62.1225	62.4491	62.6808	62.9659	63.2318	63.5495	63.781	64.0398	64.3054	64.5754	64.8526	65.1052	65.3428	65.6343
50	Bangladesh	69.3109	69.369	69.6164	69.9277	70.3306	70.6847	71.1129	71.585	72.0219	72.5344	73.0498	73.5876	74.1573	74.7173	75.2845	75.8647
64	Bhutan	69.6934	69.7157	69.8371	70.0101	70.215	70.4522	70.6303	70.8853	71.1522	71.4715	71.7891	72.0942	72.4587	72.8221	73.2417	73.6423
356	India	66.6053	66.4198	66.3966	66.4833	66.6319	66.8156	67.0533	67.2235	67.435	67.6593	67.9292	68.1114	68.3897	68.714	69.0187	69.3766
364	Iran (Islamic Republic of)	73.9134	73.8109	73.8933	74.1153	74.3958	74.7564	75.1524	75.5859	76.0121	76.4556	76.9534	77.4471	77.9657	78.4515	78.9778	79.4332
462	Maldives	76.3778	76.7706	77.3178	77.9346	78.553	79.2336	79.8515	80.4994	81.0965	81.6048	82.0487	82.5406	82.9376	83.3333	83.6576	83.9864
524	Nepal	67.5473	67.6035	67.7488	67.9104	68.1376	68.3637	68.6855	68.9672	69.2652	69.5616	69.8938	70.2641	70.5876	70.9788	71.4328	71.8572
586	Pakistan	64.2367	63.8092	63.648	63.5762	63.6288	63.7333	63.841	63.987	64.167	64.3576	64.5619	64.7923	65.0304	65.2577	65.5647	65.8161
144	Sri Lanka	72.1475	72.1154	72.2828	72.6144	73.0159	73.455	73.9634	74.4833	75.0428	75.6666	76.2538	76.8716	77.4468	78.0201	78.64	79.2009
906	Eastern Asia	75.2949	75.2654	75.2895	75.3936	75.6295	75.9027	76.2618	76.6367	77.0953	77.5754	78.0699	78.4591	78.902	79.4504	80.1042	80.5986
156	China	73.1677	73.0415	73.1465	73.4	73.67	74.0453	74.4399	74.8957	75.375	75.898	76.4562	77.0021	77.5732	78.0859	78.6781	79.2129
344	China, Hong Kong SAR	80.8535	80.8622	80.994	81.1813	81.419	81.6853	81.9741	82.2263	82.5199	82.8261	83.1454	83.4375	83.7557	84.0328	84.3583	84.7105
446	China, Macao SAR	80.2592	80.2993	80.4711	80.692	80.9417	81.2108	81.4793	81.7762	82.0845	82.3878	82.6994	83.0338	83.3567	83.6683	84.0087	84.3162
158	China, Taiwan Province of China	76.544	76.6684	76.9877	77.4298	77.9081	78.4405	78.9529	79.4879	79.9606	80.4133	80.8567	81.2297	81.6325	81.9955	82.2876	82.6308
408	Dem. People's Republic of Korea	66.9101	66.8262	66.9646	67.2521	67.5781	67.9535	68.377	68.8343	69.3111	69.8365	70.3921	70.9799	71.5296	72.131	72.7429	73.3207
392	Japan	80.3826	80.3845	80.5172	80.7199	80.9454	81.1654	81.4439	81.7021	82.0122	82.273	82.5771	82.8448	83.1377	83.4232	83.7168	84.0312
496	Mongolia	64.0091	63.8261	63.8385	64.0041	64.2228	64.4924	64.808	65.1678	65.5128	65.9374	66.3688	66.8342	67.3002	67.8325	68.3599	68.9121
410	Republic of Korea	79.2191	79.4451	79.689	79.9638	80.2441	80.5148	80.822	81.114	81.4269	81.749	82.0939	82.4112	82.7618	83.059	83.4031	83.7331
920	South-Eastern Asia	69.6407	69.9769	70.4268	70.8362	71.2767	71.7392	72.1857	72.662	73.1546	73.634	74.0775	74.5955	75.1086	75.6674	76.1463	76.7199
96	Brunei Darussalam	72.8597	72.4435	72.2878	72.245	72.286	72.414	72.6205	72.8708	73.1358	73.4402	73.7685	74.1473	74.5704	75.0139	75.4574	75.8924
116	Cambodia	65.6165	65.332	65.2492	65.2591	65.3455	65.4677	65.6189	65.7891	66.0025	66.2166	66.4621	66.7178	66.9403	67.185	67.4357	67.7502
360	Indonesia	67.7017	67.4421	67.382	67.3997	67.5086	67.6619	67.9235	68.2351	68.5588	68.9099	69.2446	69.6745	70.1011	70.5601	71.0122	71.5605
418	Lao People's Democratic Republic	64.3963	64.4656	64.6301	64.8695	65.0563	65.2734	65.525	65.731	65.9885	66.2271	66.4786	66.7931	67.0338	67.307	67.5885	67.8743
458	Malaysia	72.4695	72.1546	72.0268	72.1177	72.2502	72.5108	72.7582	73.1143	73.4602	73.8717	74.3197	74.7258	75.2488	75.7344	76.2642	76.771
104	Myanmar	62.0028	61.7211	61.6257	61.6519	61.7263	61.8435	62.0082	62.2189	62.4032	62.597	62.8371	63.0915	63.3551	63.6296	63.8822	64.1969
608	Philippines	65.3723	64.9139	64.6985	64.6587	64.6996	64.8787	65.0031	65.2118	65.502	65.7823	66.1064	66.4385	66.814	67.1414	67.5931	67.9677
702	Singapore	80.5951	80.8162	81.0713	81.3283	81.5863	81.8652	82.1621	82.4482	82.7036	82.9733	83.2829	83.5676	83.8464	84.1779	84.4988	84.8245
764	Thailand	72.0719	72.1344	72.4274	72.8144	73.2832	73.816	74.394	74.9899	75.5814	76.1978	76.858	77.4763	78.069	78.6235	79.1391	79.591
626	Timor-Leste	65.6131	65.4777	65.4924	65.6392	65.7509	65.926	66.1102	66.3708	66.6157	66.8649	67.1071	67.461	67.7527	68.0642	68.4104	68.7561
704	Viet Nam	69.5844	69.3765	69.6127	69.7675	70.0063	70.2698	70.6244	71.0048	71.4047	71.8772	72.3431	72.8633	73.3848	73.9414	74.46	74.9903
915	Caribbean	69.9249	70.2839	70.7989	71.1871	71.5603	71.9397	72.3002	72.6366	72.9731	73.3739	73.7118	74.0284	74.3537	74.6495	74.9502	75.2109
28	Antigua and Barbuda	74.0353	73.6029	73.4511	73.4095	73.4639	73.5902	73.7811	74.0273	74.3023	74.5942	74.8798	75.2114	75.6157	76.0112	76.4764	76.8938
533	Aruba	72.0638	71.7548	71.6778	71.7166	71.8868	72.1088	72.3508	72.7078	73.0714	73.4503	73.8546	74.2546	74.7081	75.1928	75.6472	76.0852
44	Bahamas	69.6193	69.0125	68.6559	68.471	68.3754	68.3682	68.3899	68.4828	68.5942	68.7869	69.0038	69.2706	69.4746	69.7798	70.1276	70.4264
52	Barbados	76.2498	76.0413	76.0358	76.1049	76.3117	76.5713	76.8774	77.2276	77.5971	77.9768	78.3681	78.7658	79.1829	79.5926	80.0059	80.4371
192	Cuba	75.1802	75.0576	75.4952	75.7221	76.0274	76.423	76.8243	77.2716	77.7365	78.1945	78.7228	79.1932	79.6623	80.1077	80.5348	80.9828
531	Curacao	74.4007	74.4014	74.6233	74.9776	75.393	75.8699	76.3363	76.8456	77.4199	77.9665	78.5376	79.0527	79.5916	80.1034	80.5346	80.9345
214	Dominican Republic	69.2429	69.0323	69.0231	69.1198	69.3473	69.639	69.992	70.4051	70.8831	71.284	71.7078	72.1912	72.6846	73.2358	73.7537	74.3031
308	Grenada	67.9078	67.3485	67.4245	67.2869	67.2525	67.2894	67.4112	67.4981	67.6747	67.8693	68.1504	68.3802	68.6418	68.9706	69.2566	69.6422
312	Guadeloupe	77.6211	78.0316	78.4124	78.7227	79.0303	79.3421	79.6321	79.9315	80.2139	80.5357	80.8481	81.1643	81.5049	81.8429	82.1627	82.4888
332	Haiti	59.9378	59.8435	59.9244	60.0614	60.2543	60.4445	60.6383	60.8706	61.0673	61.3039	61.6002	61.8127	62.0703	62.3065	62.581	62.7823
388	Jamaica	70.8331	70.2374	69.9922	69.8308	69.7395	69.698	69.7657	69.8553	70.0206	70.2066	70.4469	70.6829	70.9268	71.2071	71.4736	71.9148
474	Martinique	78.4183	78.7731	79.0846	79.397	79.6982	79.98	80.2819	80.5876	80.8827	81.1911	81.4828	81.8069	82.152	82.4593	82.8134	83.1139
630	Puerto Rico	75.3555	75.5119	75.8481	76.2976	76.7997	77.364	77.8733	78.3646	78.8619	79.266	79.6271	79.9822	80.3443	80.6182	80.947	81.254
662	Saint Lucia	72.9934	72.5503	72.3918	72.397	72.4611	72.5993	72.7529	73.0331	73.2651	73.6194	73.9538	74.3123	74.6935	75.128	75.6009	76.0076
670	Saint Vincent and the Grenadines	68.3375	67.8079	67.551	67.4324	67.4098	67.4346	67.551	67.679	67.8636	68.0953	68.3453	68.6079	68.9548	69.2425	69.6244	70.0134
780	Trinidad and Tobago	68.894	68.3724	68.1111	68.0201	67.9605	67.9714	68.1044	68.2754	68.4835	68.7294	68.9719	69.3025	69.6477	70.0045	70.3679	70.7187
850	United States Virgin Islands	76.7121	76.787	77.0932	77.4795	77.9885	78.5276	79.0683	79.6192	80.1196	80.5604	81.0367	81.4147	81.7619	82.13	82.4725	82.8209
916	Central America	72.0884	72.31	72.6127	72.9696	73.404	73.9164	74.4423	74.9734	75.6136	76.19	76.7053	77.2525	77.788	78.2696	78.8876	79.438
84	Belize	69.8611	69.5512	69.4498	69.4783	69.636	69.8321	70.1119	70.4382	70.8026	71.1688	71.6212	72.0257	72.4665	72.9265	73.4074	73.9201
188	Costa Rica	76.5454	76.7135	77.0918	77.5549	78.0893	78.6743	79.2296	79.7886	80.3093	80.7422	81.1886	81.5464	81.9096	82.2203	82.552	82.8573
222	El Salvador	66.9916	67.0817	67.4459	67.9061	68.3731	68.9437	69.547	70.1311	70.7325	71.4558	72.1317	72.8314	73.5139	74.2454	74.9018	75.5875
320	Guatemala	69.781	69.7987	70.0303	70.4006	70.829	71.3029	71.8144	72.3875	72.9421	73.5766	74.184	74.7848	75.3875	76.0591	76.6694	77.3277
340	Honduras	71.2704	71.0375	71.0835	71.2344	71.4696	71.7702	72.1209	72.4892	72.8728	73.3382	73.8132	74.3279	74.8571	75.423	75.939	76.4626
484	Mexico	70.3509	70.1999	70.6529	70.8558	71.142	71.5133	71.9294	72.3739	72.8315	73.3335	73.8249	74.3566	74.8824	75.4089	75.9963	76.5255
558	Nicaragua	69.4734	69.5404	69.8156	70.2181	70.6908	71.1948	71.7809	72.3576	72.9863	73.6281	74.2654	74.949	75.5999	76.2571	76.9456	77.6126
591	Panama	74.1011	74.1758	74.4246	74.7896	75.2533	75.769	76.2969	76.8272	77.4016	77.9537	78.5134	79.0751	79.6078	80.0761	80.5478	80.8959
931	South America	72.5386	73.0655	73.6772	74.3593	75.0338	75.7574	76.5514	77.2958	77.9993	78.6901	79.3608	79.9844	80.6373	81.1896	81.7571	82.3504
32	Argentina	71.6871	71.5187	71.5773	71.7471	72.0478	72.3769	72.7922	73.2578	73.6976	74.2046	74.6874	75.2025	75.7615	76.3376	76.9277	77.4739
68	Bolivia (Plurinational State of)	67.0357	67.0618	67.249	67.5071	67.834	68.155	68.5413	68.9055	69.3337	69.7383	70.2788	70.771	71.2567	71.7447	72.305	72.8379
76	Brazil	70.8434	70.9481	71.2824	71.7079	72.2278	72.776	73.4044	74.031	74.668	75.3785	76.037	76.7084	77.3469	77.9889	78.6294	79.2207
152	Chile	76.5746	76.7606	77.1207	77.5798	78.1069	78.6799	79.3036	79.8457	80.3776	80.8697	81.3497	81.7235	82.0828	82.4488	82.7693	83.0663
170	Colombia	73.0259	72.9967	73.2049	73.5089	73.8728	74.3266	74.8236	75.3501	75.8879	76.4815	77.044	77.6534	78.2513	78.8185	79.3664	79.8995
218	Ecuador	72.8941	72.965	73.2803	73.7123	74.1915	74.7215	75.3207	75.8974	76.4995	77.1291	77.7319	78.3745	78.9655	79.5453	80.0988	80.615
254	French Guiana	75.8632	76.066	76.4346	76.9767	77.5308	78.0798	78.6432	79.2272	79.7191	80.1917	80.5951	80.9875	81.3585	81.7068	82.058	82.3669
328	Guyana	64.8084	64.2331	63.9187	63.739	63.6158	63.5836	63.6071	63.6442	63.7457	63.7901	63.9574	64.1037	64.2901	64.4689	64.6894	64.9216
600	Paraguay	70.2436	69.5902	69.2357	69.0225	68.911	68.8939	68.9301	69.0157	69.157	69.3346	69.573	69.8294	70.1008	70.4582	70.7398	71.0936
604	Peru	72.677	72.8029	73.1509	73.5886	74.1012	74.6727	75.3062	75.9616	76.5901	77.2038	77.8593	78.4997	79.1436	79.7473	80.3232	80.856
740	Suriname	66.5284	66.0567	65.804	65.7095	65.7069	65.7978	65.9388	66.111	66.3043	66.5534	66.7887	67.0652	67.4156	67.7949	68.1444	68.5614
858	Uruguay	72.7188	72.658	72.7899	73.0935	73.4939	73.9119	74.4222	74.8978	75.4291	75.9884	76.5336	77.0929	77.6466	78.1882	78.7157	79.2354
862	Venezuela (Bolivarian Republic of)	66.2445	66.5327	66.4901	66.5958	66.8024	67.0111	67.3528	67.6946	67.9972	68.4349	68.8547	69.2327	69.7667	70.2237	70.7197	71.2086
36	Australia	80.3843	80.5793	80.8755	81.2028	81.4974	81.7837	82.0552	82.3711	82.6435	82.9074	83.1928	83.4704	83.7501	84.0725	84.3679	84.6973
554	New Zealand	79.3152	79.3179	79.5501	79.8768	80.2625	80.7123	81.1179	81.5452	81.9505	82.2455	82.6373	82.9618	83.2674	83.602	83.8817	84.2121
928	Melanesia	64.051	64.0007	64.0561	64.0864	64.1333	64.2331	64.3432	64.4914	64.7134	64.9421	65.1651	65.3638	65.5603	65.8108	66.0977	66.3812
242	Fiji	63.4823	63.1006	63.1919	63.1851	63.2517	63.3232	63.4258	63.5618	63.7572	63.9344	64.1698	64.3851	64.6305	64.9175	65.1913	65.4949
540	New Caledonia	73.5042	73.4633	73.6692	73.9922	74.4081	74.8553	75.3799	75.9217	76.4817	77.0811	77.6704	78.2163	78.7692	79.3618	79.9103	80.3967
598	Papua New Guinea	61.1744	60.812	60.6495	60.6416	60.6366	60.7079	60.7732	60.8773	61.0315	61.1823	61.319	61.533	61.6337	61.7975	61.9593	62.1229
90	Solomon Islands	69.2885	68.7381	68.4529	68.3154	68.2391	68.2828	68.3589	68.4971	68.621	68.8405	69.116	69.4293	69.7428	70.0605	70.4525	70.8332
548	Vanuatu	66.9245	66.4816	66.2609	66.1688	66.1387	66.1702	66.1903	66.3085	66.4453	66.6145	66.7487	66.9775	67.1587	67.4024	67.6559	67.8965
954	Micronesia	70.2793	70.6525	71.1771	71.6597	72.0725	72.4799	72.8458	73.2441	73.574	73.9666	74.4019	74.7631	75.2192	75.5922	76.0093	76.4615
316	Guam	75.7361	75.9731	76.4023	76.9494	77.512	78.1354	78.6955	79.1925	79.631	80.0511	80.4448	80.7944	81.1457	81.4949	81.8448	82.1515
296	Kiribati	62.4979	62.4427	62.5914	62.7899	63.0943	63.4058	63.7595	64.096	64.4583	64.8339	65.2583	65.6898	66.1105	66.5809	67.0802	67.6358
583	Micronesia (Fed. States of)	64.0336	63.4324	63.0418	62.8489	62.6744	62.5894	62.5427	62.5695	62.5639	62.6208	62.7106	62.8338	62.8973	62.9958	63.1562	63.3309
957	Polynesia	72.752	73.0236	73.3595	73.7523	74.1423	74.5393	75.0079	75.4611	75.9292	76.3304	76.7661	77.1532	77.5532	77.948	78.3978	78.8095
258	French Polynesia	74.0902	74.0158	74.1329	74.3765	74.7008	75.1335	75.6116	76.0899	76.6076	77.1615	77.7539	78.3267	78.8469	79.4162	79.9458	80.4848
882	Samoa	69.3381	68.8103	68.5902	68.4965	68.4682	68.5302	68.6742	68.8437	69.0174	69.3269	69.6109	69.9423	70.3225	70.6958	71.1067	71.5569
776	Tonga	66.8724	66.2806	65.9354	65.7181	65.6207	65.5379	65.5318	65.585	65.6553	65.7382	65.8736	66.0876	66.2562	66.4389	66.6422	66.8623
923	Eastern Europe	69.1424	69.463	69.904	70.3653	70.8649	71.332	71.8872	72.3618	72.9277	73.4652	73.9513	74.4909	74.9529	75.486	75.9321	76.4331
112	Belarus	68.023	67.8831	67.9655	68.2153	68.4974	68.8877	69.3067	69.6892	70.1707	70.6115	71.057	71.5827	72.1175	72.6284	73.1383	73.7149
100	Bulgaria	69.8483	69.5197	69.4531	69.5324	69.6793	69.9245	70.1839	70.4734	70.7787	71.0788	71.4776	71.8821	72.2509	72.7042	73.1757	73.6448
203	Czechia	75.3343	75.2439	75.3756	75.5949	75.949	76.3258	76.7329	77.1767	77.6529	78.1538	78.6767	79.2169	79.6578	80.0979	80.5958	80.9931
348	Hungary	71.6818	71.5415	71.5644	71.7078	71.9877	72.3111	72.7512	73.1387	73.5592	74.0472	74.6145	75.103	75.6388	76.1877	76.6841	77.257
616	Poland	73.527	73.6469	73.9763	74.4121	74.8982	75.4645	76.0224	76.5965	77.1741	77.7219	78.2336	78.7043	79.1581	79.5541	79.922	80.2812
498	Republic of Moldova	65.6955	65.2609	65.0552	65.0158	65.0532	65.1743	65.3326	65.555	65.8165	66.1101	66.4592	66.8194	67.2018	67.5853	67.9693	68.3998
642	Romania	70.9703	70.7077	70.7418	70.8724	71.1261	71.4051	71.7469	72.1501	72.5511	73.0027	73.4851	73.9716	74.4677	75.0284	75.5549	76.1134
643	Russian Federation	65.3859	65.1643	65.1965	65.3786	65.619	65.9239	66.2816	66.6753	67.0932	67.4939	67.9654	68.4852	69.0036	69.5245	70.0509	70.6205
703	Slovakia	72.527	72.4147	72.4726	72.716	73.047	73.4267	73.8412	74.3098	74.7817	75.2549	75.796	76.2878	76.8192	77.3135	77.8282	78.3222
804	Ukraine	65.2591	64.9581	64.8844	64.987	65.1392	65.3392	65.628	65.9162	66.2737	66.6727	67.0309	67.4551	67.8906	68.3245	68.8512	69.3155
924	Northern Europe	78.5901	78.8785	79.3476	79.7341	80.2446	80.7714	81.2904	81.7585	82.2538	82.7423	83.1502	83.6099	84.0867	84.4523	84.826	85.2868
830	Channel Islands	79.9865	80.1201	80.4132	80.7811	81.1881	81.5297	81.8587	82.1416	82.4593	82.751	83.0399	83.344	83.6373	83.9058	84.2183	84.498
208	Denmark	77.5776	77.5098	77.6411	77.9154	78.2728	78.6453	79.0455	79.4969	79.9665	80.4049	80.8625	81.2891	81.6694	82.0311	82.3936	82.6943
233	Estonia	73.0231	73.0995	73.3961	73.7986	74.2775	74.802	75.3351	75.8477	76.4024	76.9604	77.4471	77.9757	78.4253	78.8442	79.2426	79.6115
246	Finland	77.9751	78.1913	78.5597	79.0285	79.4555	79.8451	80.1831	80.4912	80.8314	81.1205	81.4178	81.7165	82.0289	82.3443	82.6308	82.9403
352	Iceland	80.283	80.3082	80.5637	80.9186	81.2975	81.6318	82.0082	82.3374	82.6498	82.9205	83.2085	83.4821	83.7382	84.0168	84.2637	84.4874
372	Ireland	79.38	79.4427	79.6714	80.0428	80.4579	80.8973	81.3361	81.7405	82.1323	82.4713	82.802	83.1336	83.4678	83.7603	84.0397	84.3244
428	Latvia	68.695	68.5619	68.6403	68.8543	69.1754	69.5309	69.9463	70.3962	70.8069	71.2762	71.7632	72.2766	72.8366	73.3376	73.8604	74.4004
440	Lithuania	68.9413	69.0079	69.3144	69.6904	70.1471	70.686	71.2402	71.7833	72.3835	72.9809	73.5526	74.1413	74.7033	75.2741	75.7696	76.3278
578	Norway	79.2191	79.3152	79.5913	79.9354	80.3429	80.7477	81.1786	81.5325	81.8304	82.1474	82.4764	82.7615	83.0414	83.3084	83.6047	83.8933
752	Sweden	79.8236	79.8928	80.1659	80.5456	80.9158	81.2952	81.6622	82.0135	82.3366	82.6477	82.9094	83.1793	83.4709	83.7479	84.0798	84.3292
826	United Kingdom	78.2914	78.2221	78.4025	78.6776	79.0347	79.4051	79.829	80.3057	80.7128	81.1334	81.528	81.9451	82.2731	82.6143	82.9403	83.187
925	Southern Europe	79.6333	80.0948	80.5997	81.0443	81.5262	81.9824	82.4532	82.9125	83.3432	83.8184	84.2967	84.6631	85.1111	85.5403	85.952	86.3713
8	Albania	75.3739	75.1255	75.1412	75.2696	75.4893	75.8095	76.1269	76.5205	76.9353	77.3695	77.813	78.2823	78.7171	79.1963	79.6575	80.1398
70	Bosnia and Herzegovina	73.3326	73.1667	73.1901	73.4169	73.6736	73.999	74.4026	74.8692	75.3694	75.8955	76.3776	76.9003	77.4135	77.9064	78.4123	78.9616
191	Croatia	73.9314	73.9309	74.1111	74.435	74.8699	75.3389	75.8495	76.4171	76.9683	77.5299	78.0695	78.6034	79.1397	79.6047	80.1167	80.539
300	Greece	78.66	78.8247	79.1692	79.6146	80.0739	80.4859	80.8477	81.1919	81.5089	81.83	82.149	82.4314	82.7496	83.0598	83.382	83.6647
380	Italy	80.3365	80.5631	80.8744	81.1535	81.4294	81.7065	81.964	82.2496	82.5268	82.8254	83.108	83.4249	83.688	83.9987	84.2809	84.5793
470	Malta	79.4825	79.5834	79.8598	80.253	80.6764	81.133	81.5452	81.9207	82.2756	82.6046	82.9345	83.2355	83.5254	83.8283	84.0618	84.3652
499	Montenegro	72.8263	72.6211	72.6176	72.7523	72.9794	73.2875	73.5929	73.979	74.3645	74.7312	75.1814	75.6331	76.1025	76.5521	76.9963	77.4264
807	North Macedonia	72.0052	71.5959	71.4335	71.4632	71.5876	71.7783	72.011	72.3077	72.6499	72.9636	73.3275	73.7713	74.1782	74.6413	75.0815	75.5944
620	Portugal	77.9594	78.2335	78.6967	79.1736	79.5877	79.9748	80.2971	80.6379	80.9341	81.2659	81.578	81.8979	82.238	82.5713	82.8648	83.2021
688	Serbia	71.672	71.3673	71.2689	71.352	71.5499	71.7764	72.0613	72.4174	72.7499	73.1953	73.6061	74.0754	74.5432	75.045	75.5549	76.0548
705	Slovenia	77.3938	77.5128	77.8223	78.2412	78.7029	79.2068	79.6729	80.1277	80.511	80.9003	81.2632	81.5924	81.9136	82.1995	82.5045	82.8121
724	Spain	80.02	80.1021	80.2748	80.4854	80.6995	80.9391	81.2075	81.4696	81.7365	82.0331	82.2961	82.5744	82.8817	83.1544	83.4642	83.7424
926	Western Europe	79.0715	79.4839	80.0573	80.5531	80.9996	81.4868	81.9448	82.4249	82.8796	83.4184	83.8466	84.2651	84.7189	85.1611	85.5831	86.01
40	Austria	77.9886	78.1251	78.4433	78.8291	79.3087	79.7738	80.2217	80.6495	81.0585	81.4301	81.7681	82.1152	82.406	82.7386	83.0346	83.3305
56	Belgium	78.1148	78.1901	78.4631	78.8865	79.3313	79.8132	80.2764	80.6936	81.1255	81.5049	81.8296	82.1535	82.4433	82.7735	83.0743	83.3673
250	France	78.7749	79.0721	79.3586	79.6312	79.9227	80.1621	80.4175	80.6924	80.9842	81.2444	81.5531	81.8014	82.1114	82.3905	82.6972	82.9823
276	Germany	77.7405	77.7736	78.0415	78.4321	78.8897	79.3496	79.8471	80.2983	80.7333	81.1318	81.5164	81.8437	82.1802	82.5131	82.864	83.1813
442	Luxembourg	78.9514	79.061	79.3826	79.8127	80.2536	80.6754	81.1337	81.494	81.843	82.1876	82.5056	82.8139	83.0976	83.3908	83.697	84.014
528	Netherlands	79.341	79.3229	79.4926	79.81	80.1608	80.5725	80.9938	81.3867	81.7545	82.063	82.4269	82.7547	83.0537	83.3506	83.634	83.9033
756	Switzerland	80.8562	81.0563	81.3159	81.5871	81.847	82.1133	82.3745	82.6444	82.9255	83.1717	83.4493	83.7446	84.025	84.3365	84.6417	84.9028
124	Canada	79.2804	79.3922	79.6949	80.0779	80.4809	80.9025	81.2861	81.6321	81.9747	82.2916	82.5873	82.8854	83.1804	83.434	83.7104	83.9764
840	United States of America	74.5816	74.4358	75.0552	75.2683	75.5511	75.9289	76.3301	76.7666	77.2267	77.7146	78.1891	78.6818	79.1678	79.6314	80.0797	80.4829
