country_code	name	2020-2025	2025-2030	2030-2035	2035-2040	2040-2045	2045-2050	2050-2055	2055-2060	2060-2065	2065-2070	2070-2075	2075-2080	2080-2085	2085-2090	2090-2095	2095-2100
900	World	70.4741	71.1333	71.7694	72.3723	72.9631	73.5458	74.0995	74.6169	75.104	75.5839	76.0489	76.4933	76.9533	77.3797	77.8328	78.294
947	Sub-Saharan Africa	59.8415	60.9755	62.0064	62.9549	63.8062	64.5997	65.3045	66.0073	66.685	67.2825	67.8809	68.4766	69.0299	69.5759	70.1166	70.6963
1833	Northern Africa and Western Asia	72.0377	72.7279	73.3775	73.9749	74.5993	75.205	75.7593	76.2715	76.7391	77.2021	77.6376	78.0714	78.5629	79.0327	79.5014	79.976
921	Central and Southern Asia	68.4173	68.7685	69.2655	69.7612	70.277	70.7156	71.1841	71.6195	72.0595	72.5422	72.9717	73.4604	73.9798	74.5116	75.0199	75.5782
1832	Eastern and South-Eastern Asia	73.8413	74.1494	74.6051	75.1136	75.6641	76.2231	76.823	77.471	78.137	78.7746	79.4428	80.0464	80.6587	81.2317	81.8185	82.3975
1830	Latin America and the Caribbean	72.5201	73.2912	74.1624	74.9759	75.8068	76.6655	77.51	78.318	79.1167	79.8748	80.5533	81.224	81.8229	82.4009	82.9583	83.4736
927	Australia/New Zealand	81.1036	81.5891	82.0436	82.4618	82.823	83.2125	83.6584	84.0743	84.4449	84.8802	85.2134	85.6521	86.069	86.4573	86.8673	87.2306
1835	Oceania (excluding Australia and New Zealand)	64.9448	65.0437	65.3317	65.6126	65.918	66.1993	66.5059	66.7824	67.1084	67.3849	67.7251	68.0078	68.3277	68.7834	69.1298	69.4621
1829	Europe and Northern America	75.7655	76.4325	77.2721	77.9924	78.6661	79.3225	80.0012	80.6428	81.267	81.9049	82.5384	83.1265	83.6449	84.1705	84.7004	85.2394
903	Africa	61.8633	62.9192	63.8713	64.7435	65.5595	66.2915	66.9567	67.6164	68.2262	68.7846	69.3294	69.8588	70.3786	70.9007	71.407	71.9584
935	Asia	71.5548	72.1101	72.6485	73.1956	73.7515	74.3435	74.8839	75.4298	75.9716	76.5223	77.0952	77.5988	78.1387	78.6834	79.2168	79.7577
908	Europe	75.5442	76.2693	77.0075	77.7136	78.3781	79.0133	79.654	80.2972	80.9363	81.5934	82.259	82.9	83.4675	84.0412	84.6181	85.1674
904	Latin America and the Caribbean	72.5201	73.2912	74.1624	74.9759	75.8068	76.6655	77.51	78.318	79.1167	79.8748	80.5533	81.224	81.8229	82.4009	82.9583	83.4736
905	Northern America	75.9475	76.2274	77.0659	77.6223	78.1115	78.7228	79.274	79.9178	80.4842	81.0253	81.6963	82.1537	82.6035	83.0409	83.4846	83.9063
909	Oceania	76.587	76.913	77.2709	77.5734	77.8699	78.1588	78.4656	78.7639	79.0557	79.3606	79.6637	80.0039	80.314	80.6678	81.0061	81.3535
901	More developed regions	76.4967	77.14	77.9382	78.6215	79.2818	79.9229	80.5504	81.2025	81.8163	82.4295	83.0435	83.6239	84.145	84.6635	85.2259	85.7189
902	Less developed regions	69.1936	69.8551	70.494	71.1208	71.7435	72.3518	72.9292	73.467	73.9952	74.4903	74.976	75.4239	75.8589	76.2926	76.7594	77.24
941	Least developed countries	63.7889	64.8134	65.7289	66.5601	67.3303	68.039	68.6888	69.2954	69.8794	70.4283	70.9751	71.5162	72.0589	72.5602	73.0738	73.6119
934	Less developed regions, excluding least developed countries	70.3081	70.8796	71.4632	72.0343	72.6106	73.2073	73.7767	74.2967	74.8523	75.349	75.8226	76.2811	76.7145	77.1447	77.5774	78.0011
948	Less developed regions, excluding China	67.7333	68.4525	69.1748	69.8442	70.4809	71.0864	71.6547	72.1939	72.6983	73.1867	73.6774	74.162	74.6335	75.1151	75.5964	76.1238
1636	Land-locked Developing Countries (LLDC)	63.9649	64.9388	65.8274	66.6387	67.3782	68.0663	68.6827	69.3005	69.8992	70.4587	71.0461	71.5638	72.1567	72.7331	73.3309	73.9128
1637	Small Island Developing States (SIDS)	70.3012	70.9501	71.6231	72.1864	72.6855	73.1359	73.5825	73.9417	74.3334	74.7116	75.0999	75.4379	75.7558	76.0396	76.3861	76.7396
1503	High-income countries	78.5171	79.1129	79.8754	80.4723	81.0473	81.6267	82.1777	82.7436	83.2905	83.8475	84.3754	84.8722	85.3682	85.8547	86.3169	86.7793
1517	Middle-income countries	69.6856	70.2887	70.8988	71.5091	72.1125	72.7324	73.3333	73.8665	74.4349	74.9428	75.4472	75.9232	76.3582	76.813	77.2571	77.6795
1502	Upper-middle-income countries	73.1396	73.6771	74.295	74.9946	75.6393	76.3716	77.1012	77.8348	78.5771	79.2951	80.0068	80.669	81.2454	81.8251	82.3646	82.8933
1501	Lower-middle-income countries	66.789	67.3051	67.8758	68.4283	68.9631	69.4852	70.0094	70.5074	71.0017	71.4733	71.9747	72.4171	72.9145	73.3757	73.885	74.39
1500	Low-income countries	62.6584	63.8103	64.8093	65.6847	66.4684	67.1971	67.8723	68.4961	69.0739	69.6413	70.1957	70.7591	71.3138	71.8857	72.4287	73.0265
1518	No income group available	76.624	77.2114	77.7719	78.184	78.5681	78.9107	79.2385	79.6187	80.0739	80.5813	81.148	81.7671	82.3509	82.8694	83.3709	83.8976
910	Eastern Africa	63.1249	64.2143	65.1904	66.058	66.8169	67.5306	68.2132	68.902	69.5256	70.1838	70.7894	71.4602	72.1231	72.8384	73.5235	74.2584
108	Burundi	59.0085	59.6031	60.2688	60.8852	61.4757	62.0294	62.5631	63.074	63.5227	63.9806	64.4047	64.8017	65.2127	65.6103	65.9836	66.3817
174	Comoros	61.5358	61.6996	61.9262	62.1972	62.4788	62.7642	63.0709	63.3604	63.6348	63.9272	64.2014	64.4834	64.7641	65.0518	65.3407	65.62
262	Djibouti	64.0979	64.361	64.7086	65.0574	65.4191	65.7635	66.1021	66.432	66.8072	67.1413	67.5285	67.9101	68.2798	68.6742	69.0944	69.5735
232	Eritrea	63.4309	63.967	64.4847	64.9931	65.4339	65.8847	66.332	66.7408	67.1366	67.5602	67.9668	68.4076	68.8599	69.304	69.7721	70.3099
231	Ethiopia	64.0162	64.605	65.1726	65.7127	66.2159	66.6956	67.1377	67.557	67.9763	68.3881	68.8514	69.2955	69.7522	70.226	70.7021	71.2438
404	Kenya	63.2787	63.5309	63.8496	64.1802	64.5212	64.8561	65.2173	65.5864	65.9878	66.3428	66.7467	67.1708	67.5912	68.0388	68.5069	69.0235
450	Madagascar	64.8093	65.4473	66.0687	66.6308	67.1471	67.6243	68.0891	68.4976	68.9315	69.3547	69.8451	70.3082	70.7764	71.3302	71.8116	72.369
454	Malawi	60.5388	61.3946	62.2219	62.9502	63.6225	64.25	64.8152	65.3606	65.904	66.4109	66.9002	67.417	67.9565	68.5066	69.0445	69.6052
480	Mauritius	70.8289	71.0225	71.3449	71.7496	72.1941	72.7067	73.238	73.8237	74.397	75.0604	75.7037	76.3603	77.0556	77.7249	78.3841	79.0581
175	Mayotte	75.4492	76.0382	77.3885	78.1978	78.9776	79.668	80.2697	80.8064	81.2891	81.7373	82.1576	82.5767	82.9673	83.3749	83.7629	84.1428
508	Mozambique	57.1574	58.0696	58.9549	59.775	60.5156	61.1891	61.7904	62.3784	62.9171	63.4535	63.9455	64.4129	64.8766	65.3575	65.7708	66.2532
638	Reunion	77.3753	78.0249	78.7722	79.4966	80.1256	80.6608	81.1436	81.585	82.003	82.4137	82.8279	83.2266	83.6266	84.0197	84.4261	84.8045
646	Rwanda	65.984	66.4203	66.8774	67.3269	67.7604	68.1713	68.6122	69.0557	69.5135	69.9716	70.4765	70.9793	71.5425	72.1317	72.7502	73.3847
690	Seychelles	68.8376	68.8793	69.3011	69.579	69.9458	70.3574	70.8066	71.3118	71.8297	72.3784	72.9515	73.529	74.1754	74.796	75.449	76.1441
706	Somalia	54.8123	55.3193	55.9323	56.5933	57.2236	57.8221	58.4034	58.9256	59.4088	59.8593	60.3086	60.7146	61.1267	61.5165	61.8765	62.2346
728	South Sudan	55.373	55.7872	56.2946	56.8318	57.3629	57.8731	58.3331	58.7729	59.181	59.6119	60.0089	60.3542	60.7161	61.0437	61.3893	61.7151
800	Uganda	60.1574	60.6837	61.2417	61.7856	62.2846	62.7993	63.242	63.6931	64.0996	64.5118	64.937	65.3308	65.7533	66.1182	66.5074	66.9158
834	United Republic of Tanzania	62.7202	63.1578	63.6425	64.1342	64.5745	65.0108	65.4188	65.7814	66.1768	66.5484	66.9262	67.2867	67.6712	68.0772	68.4882	68.9045
894	Zambia	59.886	60.2805	60.7461	61.1902	61.6447	62.102	62.548	62.97	63.3815	63.7939	64.2184	64.6111	65.0156	65.4419	65.8165	66.2451
716	Zimbabwe	58.5716	58.8274	59.2045	59.6224	60.0167	60.4277	60.8499	61.2297	61.6175	61.9728	62.3076	62.666	63.0243	63.3741	63.7202	64.0219
911	Middle Africa	58.0893	58.899	59.6843	60.4347	61.1729	61.8173	62.4375	63.0132	63.537	64.0641	64.5366	64.972	65.4626	65.8597	66.3613	66.7337
24	Angola	57.6475	58.2617	58.9089	59.4738	60.032	60.5481	61.0318	61.4493	61.8711	62.2744	62.6624	63.0109	63.3704	63.7342	64.0686	64.4509
120	Cameroon	57.0992	57.5492	58.0359	58.5501	59.0469	59.5063	59.9308	60.331	60.7482	61.1161	61.4785	61.8384	62.1631	62.5154	62.8665	63.1756
140	Central African Republic	50.1589	50.7919	51.4877	52.2003	52.8528	53.4529	54.0318	54.5229	55.0358	55.5072	55.9594	56.3809	56.7647	57.1249	57.4982	57.8829
148	Chad	51.7853	52.1828	52.736	53.3536	53.9904	54.6262	55.23	55.851	56.4015	56.92	57.4521	57.9461	58.3515	58.8074	59.2095	59.6091
178	Congo	61.8942	61.9251	62.0614	62.2432	62.4503	62.6575	62.8606	63.0757	63.3236	63.5449	63.7787	64.0092	64.2813	64.5059	64.7571	65.0532
180	Democratic Republic of the Congo	58.1912	58.5794	59.05	59.5216	59.9771	60.4012	60.816	61.2015	61.5685	61.941	62.2703	62.5943	62.9012	63.1934	63.5181	63.8159
226	Equatorial Guinea	56.899	57.4367	58.0015	58.5426	59.089	59.5204	59.9379	60.3412	60.7106	61.0262	61.3721	61.7001	62.047	62.2975	62.5934	62.894
266	Gabon	63.241	63.2914	63.4774	63.6761	63.8922	64.1375	64.3753	64.6215	64.8848	65.143	65.4235	65.7207	66.0121	66.3225	66.6165	66.9679
678	Sao Tome and Principe	66.9727	67.086	67.2874	67.563	67.857	68.1762	68.5575	68.9681	69.4047	69.858	70.3216	70.8504	71.3917	71.965	72.5793	73.1762
913	Southern Africa	60.1307	60.4779	61.0162	61.5327	61.9999	62.4901	62.9365	63.3362	63.8641	64.309	64.6887	65.1486	65.6232	66.0551	66.5166	67.0018
72	Botswana	65.1312	65.0661	65.1408	65.2694	65.4485	65.6414	65.8738	66.118	66.3679	66.6674	67.0078	67.341	67.6835	68.0812	68.495	68.9479
748	Eswatini	55.1478	55.878	56.5988	57.2666	57.861	58.4158	58.9463	59.444	59.9239	60.3624	60.7891	61.1824	61.608	62.0025	62.3766	62.7448
426	Lesotho	50.5459	51.5895	52.6681	53.7343	54.7077	55.586	56.4202	57.1477	57.816	58.4308	58.9956	59.5465	60.05	60.5493	61.0296	61.448
516	Namibia	59.9614	60.564	61.1631	61.7093	62.2024	62.6972	63.1279	63.5497	63.9771	64.4044	64.78	65.1589	65.5473	65.9342	66.3196	66.7713
710	South Africa	59.7328	60.0666	60.4432	60.8234	61.2213	61.625	62.0144	62.3833	62.7597	63.1399	63.4913	63.8539	64.248	64.6184	64.9759	65.3685
914	Western Africa	56.9565	57.8611	58.7895	59.6436	60.4106	61.1656	61.8357	62.4361	63.0057	63.5589	64.0521	64.5655	65.0704	65.5609	66.0193	66.3965
204	Benin	59.3135	59.6709	60.0907	60.4958	60.8592	61.2089	61.5669	61.8792	62.2281	62.5657	62.8461	63.1565	63.4708	63.7982	64.1413	64.4366
854	Burkina Faso	60.1178	60.8196	61.4602	62.0598	62.5875	63.0524	63.5161	63.9051	64.316	64.6794	65.02	65.3686	65.733	66.0609	66.3933	66.7363
132	Cabo Verde	68.6234	68.8249	69.1537	69.5669	70.0321	70.5216	71.0437	71.5943	72.2011	72.8194	73.4897	74.169	74.8619	75.5343	76.2406	76.95
384	Cote d'Ivoire	55.5723	55.9921	56.468	56.9237	57.3887	57.8195	58.25	58.6495	59.0704	59.4513	59.8588	60.2376	60.5701	60.9517	61.3332	61.6927
270	Gambia	59.8607	60.307	60.7671	61.2041	61.592	61.9913	62.3347	62.679	63.0069	63.3409	63.674	63.9803	64.2938	64.5973	64.9189	65.2296
288	Ghana	61.9958	62.2185	62.5137	62.811	63.1197	63.4376	63.7217	64.0243	64.2771	64.5599	64.837	65.1431	65.4142	65.6862	65.946	66.2742
324	Guinea	59.967	60.4393	60.9358	61.4298	61.8515	62.2435	62.5971	62.9389	63.2553	63.5692	63.84	64.1148	64.3668	64.6438	64.9098	65.1733
624	Guinea-Bissau	55.4702	56.0379	56.6721	57.2882	57.8693	58.4368	58.9475	59.4223	59.8416	60.2259	60.6678	61.0344	61.399	61.782	62.1072	62.4313
430	Liberia	61.7563	62.0972	62.4704	62.8529	63.2072	63.5536	63.8585	64.178	64.4781	64.7532	65.0512	65.3168	65.5985	65.8919	66.179	66.4616
466	Mali	57.7365	58.3099	58.8718	59.3716	59.7827	60.1789	60.525	60.8578	61.1774	61.4669	61.7568	62.035	62.2897	62.5663	62.8252	63.0747
478	Mauritania	62.17	62.2141	62.3777	62.5603	62.7704	62.9838	63.2009	63.4451	63.6951	63.9392	64.1568	64.396	64.6676	64.9472	65.1779	65.4861
562	Niger	60.6727	61.4689	62.2454	62.9285	63.4886	63.9787	64.424	64.8245	65.1811	65.5155	65.8445	66.1295	66.4032	66.7136	66.9952	67.2711
566	Nigeria	52.8706	53.441	54.1369	54.8287	55.515	56.1686	56.7706	57.3196	57.8363	58.3085	58.7522	59.1562	59.5514	59.9215	60.258	60.5887
686	Senegal	64.9304	65.3193	65.7378	66.1651	66.6021	66.9982	67.3798	67.7659	68.1688	68.5861	69.0367	69.5106	69.9881	70.4914	71.007	71.5464
694	Sierra Leone	53.0834	53.9065	54.8378	55.717	56.5679	57.3072	57.9621	58.549	59.0803	59.5413	59.9491	60.3558	60.7188	61.1104	61.4338	61.734
768	Togo	59.235	59.6121	60.0195	60.4401	60.8148	61.2156	61.5795	61.9357	62.3	62.6305	62.9613	63.2987	63.6415	63.9921	64.3285	64.6714
912	Northern Africa	70.7142	71.2067	71.7213	72.2454	72.8021	73.3494	73.8651	74.3685	74.8293	75.2931	75.7324	76.1465	76.5926	77.0978	77.6239	78.1114
12	Algeria	74.8827	75.128	75.5061	75.9663	76.4672	76.9763	77.5379	78.0943	78.6614	79.2567	79.8578	80.4538	80.9846	81.536	82.0641	82.5497
818	Egypt	68.7568	68.8086	68.9988	69.2627	69.5529	69.9231	70.301	70.7284	71.1852	71.6578	72.1691	72.7173	73.2423	73.8236	74.4298	75.042
434	Libya	69.1344	69.1892	69.418	69.7304	70.1093	70.5128	70.956	71.4377	71.9628	72.4957	73.0965	73.681	74.2729	74.921	75.5782	76.2224
504	Morocco	74.7219	75.125	75.6128	76.1847	76.7696	77.3911	78.017	78.6619	79.3073	79.9669	80.586	81.1813	81.7596	82.3283	82.828	83.3048
729	Sudan	62.5143	62.7531	63.0914	63.4289	63.7845	64.1432	64.5044	64.8539	65.2049	65.551	65.9058	66.2361	66.6097	66.9456	67.2959	67.6982
788	Tunisia	73.9942	74.3401	74.8014	75.3332	75.8973	76.5147	77.1347	77.7748	78.4405	79.0914	79.7352	80.4017	81.0185	81.595	82.1153	82.5965
732	Western Sahara	67.7681	68.0726	68.4624	68.8482	69.2179	69.6214	70.0445	70.4859	70.9849	71.4807	72.0065	72.5524	73.111	73.7067	74.3201	74.9356
922	Western Asia	72.9513	73.646	74.2791	74.8585	75.4567	76.0398	76.5629	77.0607	77.5112	77.9683	78.4345	78.8494	79.2579	79.6643	80.0751	80.4733
51	Armenia	70.4514	70.5266	70.7647	71.0913	71.4704	71.9061	72.364	72.8728	73.3976	73.9415	74.5327	75.1387	75.7644	76.3801	77.0037	77.6362
31	Azerbaijan	69.2919	69.0941	69.0533	69.1279	69.2493	69.4638	69.7324	70.0163	70.3765	70.7529	71.1744	71.6114	72.089	72.6019	73.1323	73.7001
48	Bahrain	75.511	75.5318	75.6947	75.9445	76.2647	76.6049	76.9889	77.4082	77.8317	78.3132	78.7814	79.2738	79.7596	80.2467	80.7394	81.2326
196	Cyprus	78.3733	78.7398	79.2147	79.7496	80.3304	80.9321	81.5115	82.0532	82.514	82.961	83.3721	83.7395	84.104	84.4421	84.7959	85.1308
268	Georgia	68.46	68.6038	68.8838	69.2634	69.6799	70.1831	70.717	71.2898	71.9024	72.5261	73.1583	73.808	74.4844	75.171	75.8715	76.5551
368	Iraq	67.4318	67.4015	67.5084	67.6526	67.8473	68.0592	68.3078	68.5861	68.8694	69.2114	69.5503	69.9204	70.3378	70.7792	71.2285	71.6613
376	Israel	80.8548	81.2673	81.7822	82.2917	82.7585	83.1825	83.5699	83.9386	84.2856	84.6473	84.9941	85.3531	85.7273	86.1014	86.4679	86.8529
400	Jordan	71.8132	71.7748	71.9169	72.1316	72.422	72.7662	73.145	73.5663	74.0371	74.5019	75.0183	75.5327	76.0782	76.6277	77.2038	77.7752
414	Kuwait	73.6516	73.4998	73.5022	73.5925	73.7724	74.0183	74.279	74.5828	74.9313	75.2912	75.7085	76.1194	76.5664	77.0155	77.517	78.021
422	Lebanon	76.2584	76.5028	77.2042	77.6718	78.1992	78.7494	79.3485	79.9734	80.5841	81.2051	81.774	82.3297	82.8271	83.3003	83.7266	84.1273
512	Oman	75.5759	76.0765	76.7089	77.4149	78.1339	78.8988	79.6373	80.3813	81.1174	81.7806	82.3698	82.901	83.38	83.8234	84.2256	84.597
634	Qatar	78.5587	78.8861	79.3372	79.8757	80.4478	81.0312	81.5965	82.1276	82.6315	83.0926	83.5222	83.9268	84.2849	84.615	84.9465	85.2636
682	Saudi Arabia	73.0208	73.1367	73.3753	73.7092	74.0608	74.4709	74.9213	75.3901	75.8604	76.3972	76.9494	77.4878	78.0627	78.6223	79.1549	79.7114
275	State of Palestine	71.4361	71.4909	71.6874	71.9747	72.3099	72.6837	73.0998	73.5355	74.0292	74.5479	75.0456	75.5854	76.1596	76.7647	77.3298	77.9441
760	Syrian Arab Republic	71.721	73.6749	73.9777	74.3203	74.7176	74.9622	75.2533	75.5649	75.8575	76.1854	76.6194	77.1892	77.7589	78.4384	79.0545	79.7269
792	Turkey	74.2505	74.9019	75.6397	76.4615	77.302	78.1451	78.9838	79.807	80.5443	81.2374	81.8564	82.3836	82.8633	83.3107	83.7367	84.1466
784	United Arab Emirates	76.4632	76.5925	76.8555	77.2018	77.5927	78.0175	78.4851	78.9536	79.4443	79.9445	80.4437	80.937	81.4398	81.8944	82.3478	82.7892
887	Yemen	63.1087	63.1625	63.7174	63.9143	64.1404	64.3682	64.6132	64.8749	65.1128	65.3686	65.6395	65.9057	66.1605	66.4636	66.7454	67.0516
5500	Central Asia	68.6609	68.9728	69.3688	69.7993	70.2615	70.6875	71.1825	71.706	72.2669	72.8401	73.4153	74.0404	74.6689	75.3242	75.9513	76.5966
398	Kazakhstan	68.1391	68.2435	68.5009	68.8643	69.2442	69.7162	70.2039	70.7401	71.3111	71.9008	72.5318	73.1905	73.8779	74.5621	75.246	75.939
417	Kyrgyzstan	66.3811	66.3729	66.5437	66.7879	67.0948	67.4747	67.8702	68.3504	68.8594	69.3588	69.9101	70.4886	71.1323	71.7267	72.3843	73.0459
762	Tajikistan	67.9745	68.1094	68.3373	68.6362	68.9502	69.3222	69.6666	70.0748	70.4892	70.9711	71.446	71.9616	72.4656	73.025	73.597	74.1567
795	Turkmenistan	63.5446	63.4536	63.5183	63.6359	63.8118	64.0218	64.2392	64.5009	64.8254	65.0959	65.4064	65.7561	66.1433	66.5043	66.9275	67.3649
860	Uzbekistan	68.3302	68.0883	68.0057	68.0187	68.065	68.1897	68.3457	68.5463	68.7725	69.0229	69.3218	69.6801	70.049	70.4717	70.9061	71.3603
5501	Southern Asia	68.3767	68.7291	69.2101	69.7054	70.2075	70.6434	71.1154	71.5394	71.9648	72.4056	72.8359	73.3193	73.8273	74.3452	74.8234	75.3691
4	Afghanistan	62.7019	63.2994	63.8727	64.3962	64.8575	65.2919	65.6698	66.0719	66.4548	66.8118	67.2047	67.536	67.9209	68.2972	68.6783	69.0583
50	Bangladesh	70.2334	70.6958	71.2465	71.8204	72.4256	73.0414	73.6575	74.3026	74.9553	75.625	76.3035	77.0143	77.7125	78.416	79.13	79.8063
64	Bhutan	70.6532	71.0546	71.4674	71.8568	72.2268	72.6375	73.0396	73.4627	73.9258	74.381	74.8812	75.3958	75.9066	76.4668	76.9869	77.58
356	India	67.5407	67.7709	68.07	68.3871	68.7167	69.0276	69.3306	69.6697	70.0309	70.4224	70.8086	71.2312	71.6755	72.1562	72.6534	73.1716
364	Iran (Islamic Republic of)	74.7894	75.0707	75.4716	75.9488	76.4672	77.0199	77.5676	78.1469	78.7631	79.3865	79.994	80.5742	81.1521	81.7018	82.2046	82.699
462	Maldives	77.2124	77.9792	78.8084	79.6454	80.4921	81.3098	82.0624	82.7195	83.2864	83.7785	84.2326	84.6202	85.0089	85.3631	85.7314	86.0835
524	Nepal	68.4995	68.926	69.3549	69.7622	70.1836	70.6027	71.0434	71.5168	71.9632	72.4535	72.9738	73.5255	74.0847	74.6697	75.2472	75.8489
586	Pakistan	65.1746	65.1516	65.2502	65.4302	65.6381	65.8836	66.1349	66.3978	66.6827	66.9781	67.2957	67.6085	67.9288	68.2686	68.6236	69.0595
144	Sri Lanka	72.955	73.3012	73.7731	74.3354	74.9514	75.5971	76.2874	77.0056	77.7317	78.4699	79.179	79.8263	80.4533	81.0605	81.5722	82.0612
906	Eastern Asia	75.3741	75.489	75.8902	76.3505	76.8712	77.3773	78.0028	78.5343	79.1874	79.7875	80.4657	81.0985	81.6494	82.2638	82.8093	83.3329
156	China	74.007	74.2754	74.6778	75.1761	75.7179	76.2753	76.8812	77.5256	78.1909	78.8402	79.521	80.1938	80.8139	81.416	82.0061	82.5202
344	China, Hong Kong SAR	81.3897	81.6038	81.8942	82.2244	82.5811	82.9431	83.3233	83.7087	84.0961	84.4952	84.9163	85.3191	85.7265	86.139	86.5376	86.9447
446	China, Macao SAR	80.7422	80.9954	81.3217	81.6803	82.0386	82.4359	82.8353	83.2194	83.6228	84.0332	84.4441	84.8596	85.2601	85.6607	86.0818	86.5006
158	China, Taiwan Province of China	77.3164	77.7822	78.3787	79.0239	79.696	80.3587	80.9328	81.4808	81.9632	82.3738	82.7942	83.1996	83.5862	83.9665	84.3603	84.7264
408	Dem. People's Republic of Korea	67.7719	68.0703	68.5072	69.0121	69.5282	70.1146	70.7177	71.3633	72.0176	72.6969	73.4071	74.128	74.8552	75.5802	76.3434	77.1005
392	Japan	80.9101	81.1263	81.4115	81.7324	82.0846	82.4393	82.8086	83.173	83.5632	83.9478	84.3271	84.7078	85.0841	85.4615	85.8441	86.2338
496	Mongolia	64.9024	65.1091	65.4295	65.8426	66.2969	66.7789	67.3151	67.8502	68.4529	69.049	69.6954	70.3277	71.0241	71.7396	72.4821	73.2246
410	Republic of Korea	79.706	80.077	80.459	80.8616	81.2671	81.6755	82.0795	82.4849	82.895	83.3152	83.7372	84.16	84.5787	84.9895	85.3912	85.7972
920	South-Eastern Asia	69.8023	70.2869	70.8633	71.3882	71.9548	72.5123	73.0885	73.668	74.2624	74.884	75.4667	76.0723	76.6958	77.3446	78.0113	78.6994
96	Brunei Darussalam	73.7384	73.731	73.8781	74.111	74.4028	74.7366	75.0971	75.5478	75.9942	76.4816	76.96	77.4778	78.022	78.5626	79.0991	79.6397
116	Cambodia	66.5557	66.7307	66.9724	67.2445	67.5306	67.816	68.1266	68.4245	68.7827	69.17	69.5779	69.9901	70.4077	70.8758	71.3458	71.8456
360	Indonesia	68.6104	68.7275	68.9591	69.2579	69.5972	69.9785	70.4165	70.8798	71.3847	71.9187	72.4564	73.0084	73.6006	74.2359	74.8638	75.5454
418	Lao People's Democratic Republic	65.381	65.8436	66.3272	66.7891	67.2068	67.5976	67.974	68.31	68.689	69.0604	69.4383	69.8339	70.2567	70.6889	71.1508	71.6149
458	Malaysia	73.3312	73.4085	73.6421	73.949	74.3289	74.7782	75.2486	75.7456	76.2982	76.8646	77.4455	78.0358	78.6451	79.2815	79.9007	80.5181
104	Myanmar	62.9697	63.0851	63.3276	63.5947	63.8833	64.2008	64.5297	64.8293	65.1877	65.494	65.8583	66.2358	66.5885	66.989	67.3993	67.8469
608	Philippines	66.2094	66.1525	66.2562	66.4536	66.7407	67.0513	67.4477	67.8488	68.2962	68.7992	69.3012	69.8274	70.4156	70.9843	71.6048	72.23
702	Singapore	81.2421	81.5808	81.942	82.2875	82.6397	83.0175	83.4016	83.7676	84.1506	84.546	84.9412	85.3339	85.7296	86.1349	86.5424	86.933
764	Thailand	72.88	73.3148	73.9049	74.5481	75.2399	75.9588	76.702	77.4669	78.2432	78.9715	79.6357	80.2588	80.8301	81.3205	81.7871	82.2354
626	Timor-Leste	66.5552	66.781	67.084	67.3995	67.7227	68.0485	68.3958	68.7362	69.0992	69.5079	69.9185	70.3534	70.8417	71.3164	71.8377	72.3688
704	Viet Nam	70.4127	70.5793	71.1323	71.5482	72.0232	72.53	73.0872	73.6601	74.257	74.8912	75.5562	76.2464	76.9214	77.5946	78.2667	78.9185
915	Caribbean	70.1625	70.7242	71.388	71.958	72.513	72.9867	73.4279	73.8742	74.3367	74.7598	75.2029	75.6329	76.1285	76.4611	76.8815	77.2485
28	Antigua and Barbuda	74.8898	74.8622	75.008	75.2241	75.52	75.8655	76.2294	76.663	77.0953	77.5656	78.0548	78.5577	79.0839	79.6209	80.1675	80.6958
533	Aruba	72.8982	72.9894	73.221	73.5508	73.9289	74.3507	74.8039	75.3012	75.8101	76.3631	76.9314	77.4942	78.1065	78.6866	79.2903	79.8742
44	Bahamas	70.4866	70.2882	70.2722	70.3393	70.4979	70.7005	70.964	71.2405	71.6069	71.9511	72.3373	72.7797	73.2556	73.7729	74.2767	74.7792
52	Barbados	77.0731	77.2381	77.533	77.9135	78.3409	78.8049	79.301	79.781	80.3165	80.8422	81.3489	81.8331	82.2945	82.7225	83.1426	83.5161
192	Cuba	75.9761	76.241	76.9578	77.4391	77.9677	78.5323	79.1035	79.7171	80.3125	80.8998	81.4712	81.989	82.4773	82.9081	83.3222	83.711
531	Curacao	75.1803	75.5525	76.051	76.6392	77.2828	77.9383	78.6111	79.3076	79.959	80.5819	81.1548	81.6404	82.1218	82.584	82.996	83.3852
214	Dominican Republic	70.1271	70.3143	70.6262	71.0446	71.4861	71.9967	72.5382	73.1251	73.7335	74.3516	75.0117	75.7093	76.3601	77.0562	77.7431	78.4481
308	Grenada	68.7679	68.6324	68.9881	69.0792	69.2437	69.5055	69.7679	70.1033	70.4521	70.8526	71.2756	71.6925	72.1542	72.6601	73.1644	73.7083
312	Guadeloupe	78.3078	78.8201	79.2597	79.675	80.0948	80.4988	80.8973	81.2959	81.696	82.1025	82.5115	82.9213	83.3196	83.7295	84.134	84.5322
332	Haiti	60.9556	61.3288	61.7391	62.1562	62.5413	62.9367	63.328	63.6659	64.0221	64.3824	64.7348	65.076	65.4436	65.7873	66.1975	66.546
388	Jamaica	71.6922	71.5047	71.6002	71.6759	71.8343	72.0544	72.3059	72.6214	72.9448	73.3051	73.7185	74.138	74.5795	75.0587	75.5398	76.0538
474	Martinique	79.0533	79.4959	79.9034	80.3107	80.7199	81.1168	81.517	81.9237	82.3386	82.7345	83.1443	83.5401	83.958	84.3439	84.7397	85.1352
630	Puerto Rico	76.1081	76.6201	77.2465	77.9104	78.5731	79.2056	79.7612	80.2545	80.6905	81.1131	81.5118	81.8994	82.2654	82.6477	83.006	83.3806
662	Saint Lucia	73.8717	73.8502	73.9941	74.2261	74.5251	74.8687	75.2676	75.6831	76.1395	76.6098	77.1034	77.6261	78.1732	78.7093	79.2626	79.7998
670	Saint Vincent and the Grenadines	69.1989	69.0583	69.1092	69.2291	69.4416	69.6948	69.9803	70.3337	70.6788	71.0815	71.5028	71.9578	72.4346	72.9135	73.486	74.0313
780	Trinidad and Tobago	69.7599	69.6535	69.7111	69.8605	70.0719	70.3564	70.6836	71.0584	71.4532	71.8865	72.3607	72.8533	73.3876	73.9231	74.4745	75.0318
850	United States Virgin Islands	77.4696	77.9118	78.4845	79.1301	79.7952	80.435	81.0452	81.5844	82.0756	82.5313	82.9591	83.3739	83.7827	84.1676	84.5655	84.941
916	Central America	72.1768	72.5135	73.0435	73.6766	74.3481	75.0389	75.7339	76.4436	77.1702	77.901	78.6449	79.3491	79.9904	80.5925	81.2481	81.8379
84	Belize	70.7332	70.8159	71.0512	71.3724	71.7508	72.1688	72.648	73.1481	73.6877	74.2616	74.8588	75.4619	76.1016	76.7316	77.401	78.0488
188	Costa Rica	77.3382	77.8667	78.5223	79.2211	79.9441	80.6316	81.2549	81.7819	82.2802	82.7109	83.1119	83.5089	83.8887	84.2421	84.5834	84.9414
222	El Salvador	67.8394	68.3407	68.9682	69.6622	70.3781	71.1436	71.9077	72.7056	73.5126	74.3246	75.1693	75.9993	76.8225	77.602	78.3396	79.0413
320	Guatemala	70.6603	71.0918	71.6377	72.2645	72.904	73.5906	74.2785	74.9986	75.7301	76.4987	77.2569	78.0262	78.7952	79.5349	80.253	80.9158
340	Honduras	72.1375	72.3401	72.7012	73.1295	73.5909	74.1052	74.6571	75.2311	75.8186	76.4417	77.0786	77.7472	78.3959	79.0502	79.725	80.3655
484	Mexico	71.2063	71.4565	72.1817	72.6428	73.144	73.6987	74.2774	74.8975	75.5477	76.2033	76.869	77.5377	78.2136	78.8655	79.5326	80.1823
558	Nicaragua	70.3261	70.791	71.3663	72.0228	72.7057	73.4402	74.1727	74.9429	75.725	76.5051	77.2892	78.0668	78.8607	79.5906	80.2965	80.9213
591	Panama	74.8913	75.321	75.883	76.4927	77.1629	77.8506	78.5725	79.2631	79.9259	80.5595	81.1085	81.623	82.0993	82.527	82.9444	83.3324
931	South America	72.7038	73.4218	74.2124	75.0295	75.8577	76.7255	77.5783	78.3781	79.1674	79.9232	80.6197	81.2812	81.9014	82.4768	83.0323	83.5707
32	Argentina	72.4988	72.7224	73.0907	73.5341	74.0406	74.5863	75.1809	75.8181	76.4375	77.1178	77.8046	78.4694	79.1318	79.7613	80.3735	80.9376
68	Bolivia (Plurinational State of)	67.9433	68.3501	68.8225	69.3302	69.8809	70.4152	70.9633	71.5626	72.1636	72.7615	73.3784	74.0052	74.6521	75.2949	75.9638	76.6594
76	Brazil	71.6757	72.1668	72.7918	73.4786	74.1992	74.9618	75.7619	76.5828	77.3863	78.2166	78.9844	79.6801	80.3422	80.938	81.4816	81.9794
152	Chile	77.3427	77.877	78.5357	79.2522	79.9789	80.6883	81.3518	81.931	82.4271	82.8956	83.3122	83.6986	84.0825	84.4404	84.8056	85.1559
170	Colombia	73.8589	74.2098	74.7033	75.2664	75.8609	76.5129	77.1697	77.8636	78.5812	79.2998	79.9941	80.6517	81.2651	81.8219	82.3244	82.7913
218	Ecuador	73.7252	74.1992	74.7908	75.4573	76.1467	76.8807	77.6192	78.4	79.1499	79.891	80.606	81.248	81.8245	82.3274	82.8089	83.2537
254	French Guiana	76.632	77.1714	77.8362	78.5678	79.3015	80.0008	80.6076	81.1086	81.6084	82.0523	82.486	82.8882	83.2903	83.6963	84.0729	84.4601
328	Guyana	65.7138	65.5302	65.489	65.5468	65.6395	65.7845	65.9757	66.184	66.3952	66.6655	66.9333	67.2791	67.6499	68.0361	68.3973	68.8555
600	Paraguay	71.0954	70.8893	70.8385	70.9212	71.0642	71.252	71.4985	71.7837	72.1684	72.5651	72.9838	73.4386	73.8925	74.4145	74.9242	75.4593
604	Peru	73.5136	74.0367	74.6604	75.3607	76.1001	76.8589	77.6248	78.4192	79.2193	79.9787	80.7099	81.3816	81.9862	82.5322	83.0059	83.4534
740	Suriname	67.3976	67.3177	67.3905	67.552	67.7619	68.0466	68.3675	68.7594	69.1581	69.6042	70.067	70.5883	71.0965	71.6394	72.1932	72.7809
858	Uruguay	73.5074	73.8139	74.2624	74.779	75.3831	76.0312	76.6977	77.3709	78.0612	78.7404	79.3703	79.9527	80.4791	80.9972	81.4639	81.9223
862	Venezuela (Bolivarian Republic of)	67.1139	67.7939	68.0523	68.3961	68.8178	69.2505	69.745	70.2605	70.7947	71.3484	71.9095	72.5035	73.1512	73.7602	74.4183	75.0626
36	Australia	81.1122	81.5253	81.9191	82.2889	82.6542	83.0115	83.3812	83.751	84.1216	84.4865	84.8582	85.2453	85.6397	86.0093	86.4223	86.8104
554	New Zealand	80.0648	80.4316	80.9321	81.4829	82.0138	82.5041	82.9462	83.3438	83.7269	84.1109	84.4726	84.8301	85.1852	85.5413	85.9144	86.3009
928	Melanesia	64.1173	64.1811	64.4293	64.7452	65.0368	65.3292	65.6162	65.9413	66.2625	66.5272	66.8816	67.1967	67.5271	67.959	68.3251	68.6656
242	Fiji	64.4211	64.4109	64.7806	64.9515	65.1874	65.4051	65.6642	65.9407	66.2117	66.5006	66.7954	67.1442	67.4937	67.8486	68.2313	68.6894
540	New Caledonia	74.3141	74.6758	75.1634	75.7311	76.3599	77.0109	77.7067	78.4055	79.1257	79.8383	80.5418	81.158	81.7133	82.2514	82.7275	83.1725
598	Papua New Guinea	62.1696	62.267	62.4357	62.608	62.842	63.0936	63.3213	63.5658	63.7922	64.0166	64.2796	64.5684	64.806	65.0702	65.3483	65.5922
90	Solomon Islands	70.1472	70.0026	70.0054	70.1259	70.2917	70.5274	70.8011	71.1388	71.5026	71.9027	72.3449	72.7873	73.2962	73.8315	74.385	74.9658
548	Vanuatu	67.8557	67.7977	67.8431	67.9865	68.131	68.3069	68.5188	68.7596	69.0202	69.301	69.6087	69.9306	70.3015	70.7126	71.1306	71.5633
954	Micronesia	70.561	71.1288	71.7578	72.2958	72.7816	73.2496	73.6939	74.1665	74.6003	75.0908	75.6313	76.2039	76.7142	77.2057	77.7414	78.2269
316	Guam	76.4766	77.067	77.781	78.5319	79.2305	79.8584	80.4126	80.902	81.3479	81.7782	82.1972	82.6303	83.0278	83.4266	83.8435	84.2395
296	Kiribati	63.4072	63.7512	64.1893	64.6266	65.1167	65.5863	66.093	66.601	67.1574	67.7377	68.3336	68.9311	69.5728	70.2353	70.9175	71.6126
583	Micronesia (Fed. States of)	64.9502	64.726	64.6541	64.668	64.7106	64.802	64.9168	65.0487	65.1828	65.3813	65.5538	65.7207	65.9481	66.1863	66.4337	66.668
957	Polynesia	72.9376	73.3992	73.8733	74.3985	74.917	75.4501	76.017	76.5601	77.1408	77.6189	78.0973	78.5466	78.9933	79.457	79.9616	80.4743
258	French Polynesia	74.9206	75.2265	75.6583	76.1768	76.7525	77.3451	77.9943	78.6761	79.3717	80.0502	80.7369	81.3666	81.9648	82.5014	82.9863	83.4238
882	Samoa	70.2019	70.0903	70.1578	70.3168	70.5327	70.821	71.1683	71.5487	71.9501	72.3886	72.8737	73.3646	73.9216	74.4592	75.0777	75.6708
776	Tonga	67.7753	67.5805	67.5219	67.5492	67.6205	67.7343	67.8902	68.0699	68.2829	68.5205	68.8004	69.1131	69.423	69.7849	70.1744	70.5999
923	Eastern Europe	69.2764	69.7595	70.3447	70.9362	71.5808	72.2296	72.8928	73.5378	74.1521	74.8502	75.5012	76.176	76.7691	77.3863	78.0578	78.6016
112	Belarus	68.8368	69.0826	69.4717	69.9331	70.4532	70.9991	71.5926	72.2069	72.8261	73.455	74.0962	74.7739	75.4348	76.0977	76.7604	77.4131
100	Bulgaria	70.6842	70.7643	70.9933	71.3096	71.6933	72.1069	72.5465	73.0365	73.5396	74.0777	74.6148	75.1797	75.7717	76.3451	76.9409	77.5575
203	Czechia	76.1106	76.3887	76.8088	77.302	77.8536	78.4395	79.0476	79.6466	80.2572	80.8483	81.4109	81.8978	82.3461	82.7653	83.1698	83.559
348	Hungary	72.4835	72.7066	73.0663	73.5058	74.0106	74.5297	75.1384	75.7296	76.3667	77.0048	77.6603	78.3262	78.956	79.5814	80.178	80.7272
616	Poland	74.3084	74.7824	75.3774	76.0491	76.7755	77.4709	78.1872	78.8331	79.4186	79.9385	80.4181	80.8564	81.3046	81.7081	82.1224	82.4813
498	Republic of Moldova	66.5574	66.4997	66.6066	66.8145	67.0946	67.4585	67.8224	68.2326	68.7023	69.1899	69.7124	70.255	70.8207	71.4079	72.0121	72.6701
642	Romania	71.7958	71.9606	72.279	72.6658	73.1323	73.6413	74.1702	74.7468	75.342	75.9767	76.6239	77.2849	77.9332	78.5845	79.2311	79.8336
643	Russian Federation	66.2146	66.3851	66.7229	67.1266	67.6102	68.1125	68.6665	69.2539	69.8737	70.5479	71.1973	71.8396	72.5373	73.2379	73.964	74.6617
703	Slovakia	73.3311	73.5949	73.9894	74.4612	74.9961	75.5622	76.1555	76.7744	77.4122	78.0559	78.6844	79.3237	79.9081	80.4569	80.9501	81.4301
804	Ukraine	66.1195	66.2221	66.4457	66.7779	67.1799	67.6148	68.1012	68.6001	69.1446	69.6711	70.2203	70.8301	71.4335	72.077	72.7217	73.3953
924	Northern Europe	79.1173	79.6687	80.296	80.9092	81.4983	82.1016	82.6756	83.1742	83.6697	84.1459	84.6149	85.0156	85.4245	85.8224	86.2132	86.6621
830	Channel Islands	80.71	81.1606	81.6484	82.1029	82.5097	82.8789	83.253	83.6171	84.0032	84.347	84.7121	85.0883	85.4783	85.8643	86.2461	86.6215
208	Denmark	78.3511	78.644	79.0956	79.6014	80.1541	80.7496	81.3076	81.851	82.3333	82.778	83.1858	83.5758	83.9416	84.295	84.6421	85.0013
233	Estonia	73.7908	74.2303	74.8047	75.455	76.1392	76.8281	77.5011	78.1422	78.7221	79.2514	79.7329	80.175	80.5987	81.029	81.427	81.8018
246	Finland	78.7047	79.2573	79.8362	80.3479	80.8047	81.2251	81.5995	81.9999	82.3758	82.7515	83.1319	83.5165	83.8924	84.2722	84.627	85.0014
352	Iceland	81.0261	81.4048	81.8994	82.3926	82.8459	83.25	83.6092	83.9632	84.2786	84.6177	84.9449	85.2742	85.6189	85.9586	86.2962	86.6207
372	Ireland	80.1403	80.5562	81.072	81.6312	82.183	82.6858	83.1378	83.5465	83.9228	84.2801	84.6396	84.9818	85.3359	85.7015	86.0431	86.4128
428	Latvia	69.4996	69.7512	70.1274	70.6165	71.1231	71.6931	72.2976	72.915	73.5317	74.219	74.8764	75.5316	76.1872	76.8512	77.4527	78.0581
440	Lithuania	69.7227	70.1488	70.7156	71.3488	72.0343	72.7386	73.469	74.2226	74.9502	75.6484	76.3478	76.9608	77.5297	78.0734	78.554	78.9924
578	Norway	79.9857	80.3952	80.9278	81.453	81.943	82.3902	82.7904	83.1708	83.5293	83.879	84.2287	84.5709	84.9275	85.2715	85.6313	85.9803
752	Sweden	80.5674	80.9821	81.49	82.0031	82.4694	82.8683	83.2564	83.613	83.973	84.3201	84.6563	85.0061	85.3608	85.7141	86.0697	86.4391
826	United Kingdom	79.0542	79.3798	79.8024	80.3147	80.8617	81.4135	81.9513	82.4577	82.8835	83.2938	83.6851	84.0496	84.3919	84.7311	85.0587	85.3945
925	Southern Europe	79.9224	80.4919	81.0527	81.5997	82.111	82.6173	83.1358	83.6323	84.1399	84.6437	85.1107	85.611	86.0973	86.5814	87.0293	87.5266
8	Albania	76.1933	76.345	76.655	77.0509	77.491	77.9966	78.5277	79.0724	79.6474	80.2145	80.7802	81.3242	81.8398	82.3504	82.8004	83.2399
70	Bosnia and Herzegovina	74.1659	74.3935	74.7464	75.1991	75.7092	76.2641	76.849	77.4723	78.0984	78.741	79.394	80.0304	80.6434	81.229	81.782	82.2842
191	Croatia	74.7106	75.0742	75.58	76.1568	76.7887	77.4378	78.1356	78.8297	79.5079	80.1183	80.702	81.2453	81.7305	82.1984	82.6169	83.0289
300	Greece	79.402	79.9105	80.4788	81.0017	81.462	81.8841	82.2785	82.6745	83.0541	83.4413	83.8244	84.1898	84.55	84.9417	85.3093	85.6913
380	Italy	81.0217	81.4214	81.8022	82.1553	82.5264	82.8957	83.2555	83.6253	84.004	84.3906	84.7572	85.1209	85.5112	85.8741	86.2826	86.6849
470	Malta	80.2299	80.6525	81.1952	81.7615	82.2703	82.735	83.1614	83.5424	83.9233	84.2865	84.6417	84.9908	85.3456	85.7049	86.0645	86.4336
499	Montenegro	73.6369	73.8145	74.1254	74.5208	74.9635	75.4404	75.9464	76.4558	77.0009	77.5592	78.134	78.7141	79.2964	79.8301	80.3851	80.9065
807	North Macedonia	72.8578	72.8736	73.067	73.3188	73.6815	74.0613	74.4898	74.965	75.464	75.9742	76.5281	77.0961	77.6534	78.2637	78.8637	79.4476
620	Portugal	78.6934	79.3012	79.8913	80.3912	80.8293	81.251	81.6572	82.0518	82.4534	82.8527	83.2559	83.6436	84.0509	84.4401	84.8386	85.241
688	Serbia	72.5163	72.6055	72.85	73.1897	73.5979	74.0264	74.4918	75.0146	75.5585	76.1302	76.7264	77.321	77.9427	78.6004	79.2413	79.8488
705	Slovenia	78.1314	78.6126	79.1855	79.8021	80.3955	80.9053	81.3715	81.7973	82.2132	82.6115	82.99	83.3768	83.743	84.1349	84.5246	84.8939
724	Spain	80.4721	80.7279	81.049	81.3821	81.74	82.0883	82.4682	82.8355	83.2186	83.5882	83.9791	84.3462	84.7139	85.1056	85.5028	85.8778
926	Western Europe	79.4955	80.1029	80.7746	81.3647	81.8882	82.4162	82.9448	83.4035	83.8473	84.3501	84.7961	85.2974	85.7598	86.2092	86.6441	87.1266
40	Austria	78.7521	79.2094	79.7865	80.3911	80.9797	81.5015	81.9687	82.3871	82.793	83.1862	83.5527	83.9346	84.305	84.6702	85.0335	85.3884
56	Belgium	78.8569	79.3016	79.8586	80.4637	81.0288	81.5618	82.0294	82.4587	82.8632	83.2486	83.6296	84.0218	84.3843	84.7603	85.1229	85.4674
250	France	79.4632	79.8753	80.2562	80.6143	80.9767	81.3315	81.6995	82.0553	82.4256	82.8013	83.1844	83.5435	83.9311	84.3114	84.6868	85.0741
276	Germany	78.4772	78.896	79.4395	80.0278	80.6489	81.201	81.71	82.1675	82.5935	82.9952	83.3873	83.7549	84.1362	84.5134	84.8774	85.2411
442	Luxembourg	79.6999	80.1666	80.7304	81.2964	81.8153	82.2815	82.6934	83.0919	83.4726	83.8511	84.231	84.5974	84.9661	85.3294	85.7173	86.1071
528	Netherlands	80.0731	80.418	80.8841	81.409	81.9214	82.4138	82.8421	83.2446	83.6335	84.009	84.3466	84.6887	85.0303	85.3587	85.6929	86.0599
756	Switzerland	81.5448	81.9021	82.2536	82.5995	82.9509	83.3057	83.6539	84.0133	84.3743	84.7431	85.116	85.4927	85.863	86.2426	86.6418	87.021
124	Canada	80.0146	80.4669	81.021	81.5435	82.0266	82.4641	82.869	83.2428	83.5976	83.953	84.3137	84.6549	85.0038	85.3472	85.7001	86.0556
840	United States of America	75.3702	75.6093	76.4963	76.9636	77.4897	78.0388	78.6172	79.2337	79.8289	80.4001	80.9895	81.5193	82.0089	82.4514	82.8545	83.2633
