country_code	name	1950-1955	1955-1960	1960-1965	1965-1970	1970-1975	1975-1980	1980-1985	1985-1990	1990-1995	1995-2000	2000-2005	2005-2010	2010-2015	2015-2020	2020-2025	2025-2030	2030-2035	2035-2040	2040-2045	2045-2050	2050-2055	2055-2060	2060-2065	2065-2070	2070-2075	2075-2080	2080-2085	2085-2090	2090-2095	2095-2100
900	World	0.001	-3.05533e-13	-0.001	-8.52651e-14	-0.002	-0.001	-6.43041e-12	-0.001	1.08002e-12	-1.19371e-12	3.15481e-12	-0.001	0.002	0.004	-0.001	0.001	0.001	-0.001	0.001	4.83169e-13	1.03739e-12	4.83169e-13	1.03739e-12	4.83169e-13	1.03739e-12	4.83169e-13	1.03739e-12	4.83169e-13	1.03739e-12	4.83169e-13
947	Sub-Saharan Africa	-186.573	-344.753	-379.735	-445.482	-572.869	-696.742	-1713.503	-1264.499	-1114.675	-887.3	-954.639	-1344.393	-2484.68	-1565.771	-2130.319	-1642.487	-1492.651	-1520.737	-1528.361	-1529.21	-1529.21	-1529.21	-1529.21	-1529.21	-1529.21	-1529.21	-1529.21	-1529.21	-1529.21	-1529.21
1833	Northern Africa and Western Asia	-160.184	-79.49	-310.578	-803.434	-1064.135	-509.176	677.64	-476.782	-157.693	-2459.648	150.947	4010.244	1950.2	225.21	787.369	-384.365	-936.025	-985.385	-1000.365	-999.857	-999.857	-999.857	-999.857	-999.857	-999.857	-999.857	-999.857	-999.857	-999.857	-999.857
921	Central and Southern Asia	525.786	809.851	577.018	82.258	-1174.222	-764.323	-1359.446	-1645.814	-2680.612	-4778.138	-5175.898	-9818.745	-8370.001	-6769.678	-5491.529	-5837.634	-5893.643	-5893.705	-5881.021	-5863.412	-5863.412	-5863.412	-5863.412	-5863.412	-5863.412	-5863.412	-5863.412	-5863.412	-5863.412	-5863.412
1832	Eastern and South-Eastern Asia	205.036	537.082	-923.43	745.981	-277.213	-824.199	148.168	165.059	-2228.331	-317.305	-4762.081	-5633.911	-2311.105	-2850.444	-2485.245	-2261.04	-2049.417	-2049.579	-2042.343	-2032.244	-2032.244	-2032.244	-2032.244	-2032.244	-2032.244	-2032.244	-2032.244	-2032.244	-2032.244	-2032.244
1830	Latin America and the Caribbean	-473.777	-1138.508	-1623.833	-2194.35	-2673.16	-3514.969	-3503.662	-3956.103	-4303.645	-4668.383	-5330.704	-3793.49	-2830.384	-2607.495	-1017.729	-709.569	-1029.858	-1034.042	-1000.302	-978.947	-978.947	-978.947	-978.947	-978.947	-978.947	-978.947	-978.947	-978.947	-978.947	-978.947
927	Australia/New Zealand	458.419	438.432	438.734	803.569	336.209	160.95	450.664	644.791	469.094	431.003	723.911	1273.215	1080.27	865.632	739.345	761.384	790.983	790.777	791.954	793.629	793.629	793.629	793.629	793.629	793.629	793.629	793.629	793.629	793.629	793.629
1835	Oceania (excluding Australia and New Zealand)	-38.896	-26.227	-0.929	-16.769	-48.965	-69.371	-33.722	-97.84	-103.485	-122.215	-215.597	-87.255	-123.338	-84.504	-57.952	-45.789	-44.511	-43.74	-43.167	-42.727	-42.727	-42.727	-42.727	-42.727	-42.727	-42.727	-42.727	-42.727	-42.727	-42.727
1829	Europe and Northern America	-329.81	-196.387	2222.752	1828.227	5474.353	6217.829	5333.861	6631.187	10119.347	12801.986	15564.061	15394.334	13089.04	12787.054	9656.059	10119.501	10655.123	10736.41	10703.606	10652.768	10652.768	10652.768	10652.768	10652.768	10652.768	10652.768	10652.768	10652.768	10652.768	10652.768
903	Africa	-609.683	-736.133	-1036.68	-1312.622	-1924.009	-1600.442	-2078.952	-1784.98	-1368.269	-2464.494	-2508.171	-3687.038	-4261.285	-2315.121	-2632.41	-2144.578	-1944.742	-1972.828	-1980.452	-1981.301	-1981.301	-1981.301	-1981.301	-1981.301	-1981.301	-1981.301	-1981.301	-1981.301	-1981.301	-1981.301
935	Asia	993.748	1658.823	-0.045	891.945	-1164.43	-1193.998	-168.189	-1437.056	-4813.042	-5977.897	-8233.5	-9099.767	-6954.301	-8645.562	-6687.314	-7980.948	-8426.994	-8476.578	-8471.638	-8443.422	-8443.422	-8443.422	-8443.422	-8443.422	-8443.422	-8443.422	-8443.422	-8443.422	-8443.422	-8443.422
908	Europe	-1751.713	-2885.098	209.261	-340.533	1827.084	2029.004	1578.086	2406.244	4968.898	3161.212	9178.958	8643.21	6890.321	6805.054	3870.234	3996.203	4157.968	4161.382	4069.314	3978.872	3978.872	3978.872	3978.872	3978.872	3978.872	3978.872	3978.872	3978.872	3978.872	3978.872
904	Latin America and the Caribbean	-473.777	-1138.508	-1623.833	-2194.35	-2673.16	-3514.969	-3503.662	-3956.103	-4303.645	-4668.383	-5330.704	-3793.49	-2830.384	-2607.495	-1017.729	-709.569	-1029.858	-1034.042	-1000.302	-978.947	-978.947	-978.947	-978.947	-978.947	-978.947	-978.947	-978.947	-978.947	-978.947	-978.947
905	Northern America	1421.903	2688.711	2013.491	2168.76	3647.269	4188.825	3755.775	4224.943	5150.449	9640.774	6385.103	6751.124	6198.719	5982	5785.825	6123.298	6497.155	6575.028	6634.292	6673.896	6673.896	6673.896	6673.896	6673.896	6673.896	6673.896	6673.896	6673.896	6673.896	6673.896
909	Oceania	419.523	412.205	437.805	786.8	287.244	91.579	416.942	546.951	365.609	308.788	508.314	1185.96	956.932	781.128	681.393	715.595	746.472	747.037	748.787	750.902	750.902	750.902	750.902	750.902	750.902	750.902	750.902	750.902	750.902	750.902
901	More developed regions	128.609	142.046	2510.135	3454.499	6525.499	6583.785	5834.527	6977.639	10634.727	13132.656	16452.171	16945.129	14527.443	14010.486	10718.546	11114.017	11689.102	11770.115	11738.876	11690.275	11690.275	11690.275	11690.275	11690.275	11690.275	11690.275	11690.275	11690.275	11690.275	11690.275
902	Less developed regions	-128.608	-142.046	-2510.136	-3454.499	-6525.501	-6583.786	-5834.527	-6977.64	-10634.727	-13132.656	-16452.171	-16945.13	-14527.441	-14010.482	-10718.547	-11114.016	-11689.101	-11770.116	-11738.875	-11690.275	-11690.275	-11690.275	-11690.275	-11690.275	-11690.275	-11690.275	-11690.275	-11690.275	-11690.275	-11690.275
941	Least developed countries	-500.341	-646.494	-1005.998	-1203.458	-4400.298	-3896.29	-6102.887	-3733.802	870.947	-4295.293	-4393.465	-9562.19	-7625.02	-4861.815	-4059.689	-4226.854	-4305.416	-4190.01	-4174.573	-4157.187	-4157.187	-4157.187	-4157.187	-4157.187	-4157.187	-4157.187	-4157.187	-4157.187	-4157.187	-4157.187
934	Other less developed countries	371.733	504.448	-1504.138	-2251.041	-2125.203	-2687.496	268.36	-3243.838	-11505.674	-8837.363	-12058.706	-7382.94	-6902.421	-9148.667	-6658.858	-6887.162	-7383.685	-7580.106	-7564.302	-7533.088	-7533.088	-7533.088	-7533.088	-7533.088	-7533.088	-7533.088	-7533.088	-7533.088	-7533.088	-7533.088
948	Less developed regions, excluding China	-84.446	-207.733	-1626.966	-3751.178	-5458.021	-6707.235	-5759.277	-6880.717	-9883.075	-12903.205	-14802.674	-15148.875	-13262.473	-12590.032	-9127.226	-9680.715	-10375.109	-10456.108	-10428.469	-10384.879	-10384.879	-10384.879	-10384.879	-10384.879	-10384.879	-10384.879	-10384.879	-10384.879	-10384.879	-10384.879
1636	Land-locked Developing Countries (LLDC)	489.194	784.908	543.291	379.138	-1174.739	-5087.973	-4957.305	-3006.066	-3035.394	-3993.42	-2263.736	-3881.623	-3803.02	-1811.839	-1600.73	-1697.645	-1814.168	-1759.174	-1753.933	-1749.026	-1749.026	-1749.026	-1749.026	-1749.026	-1749.026	-1749.026	-1749.026	-1749.026	-1749.026	-1749.026
1637	Small Island Developing States (SIDS)	-504.045	-541.831	-762.95	-917.931	-832.944	-869.917	-840.713	-793.493	-515.501	-619.766	-843.89	8.991	-531.273	-694.605	-294.813	-271.317	-351.298	-309.214	-276.475	-258.526	-258.526	-258.526	-258.526	-258.526	-258.526	-258.526	-258.526	-258.526	-258.526	-258.526
1503	High-income countries	1215.432	2418.273	4095.797	4398.284	7428.676	7159.871	6897.908	8702.303	10710.205	13921.107	18568.371	23278.467	18325.941	16243.037	11505.958	11970.547	12281.551	12154.411	12075.936	12006.363	12006.363	12006.363	12006.363	12006.363	12006.363	12006.363	12006.363	12006.363	12006.363	12006.363
1517	Middle-income countries	-203.824	-1951.782	-3587.178	-4201.074	-5792.291	-4009.32	-1381.13	-5162.043	-11713.489	-10366.425	-16539.799	-19335.353	-8057.995	-11759.743	-13167.588	-11460.051	-10064.374	-9778.821	-9712.812	-9656.225	-9656.225	-9656.225	-9656.225	-9656.225	-9656.225	-9656.225	-9656.225	-9656.225	-9656.225	-9656.225
1502	Upper-middle-income countries	-566.222	-1514.093	-3631.21	-2329.679	-3769.547	-2901.132	-683.414	-2945.797	-5842.664	-3805.068	-3962.417	-3997.476	3312.743	-1471.945	-4394.121	-3326.476	-2348.969	-2091.982	-2049.748	-2020.621	-2020.621	-2020.621	-2020.621	-2020.621	-2020.621	-2020.621	-2020.621	-2020.621	-2020.621	-2020.621
1501	Lower-middle-income countries	362.398	-437.689	44.032	-1871.395	-2022.744	-1108.188	-697.716	-2216.246	-5870.825	-6561.357	-12577.382	-15337.877	-11370.738	-10287.798	-8773.467	-8133.575	-7715.405	-7686.839	-7663.064	-7635.604	-7635.604	-7635.604	-7635.604	-7635.604	-7635.604	-7635.604	-7635.604	-7635.604	-7635.604	-7635.604
1500	Low-income countries	-1006.641	-469.45	-496.773	-184.569	-1541.452	-3149.401	-5522.227	-3589.86	984.543	-3595.794	-2091.059	-3911.691	-10216.206	-4498.393	1640.958	-533.697	-2240.701	-2399.336	-2388.005	-2376.12	-2376.12	-2376.12	-2376.12	-2376.12	-2376.12	-2376.12	-2376.12	-2376.12	-2376.12	-2376.12
1518	No income group available	-4.966	2.959	-11.847	-12.641	-94.935	-1.151	5.449	49.599	18.741	41.112	62.487	-31.424	-51.738	15.103	20.671	23.202	23.525	23.745	24.882	25.982	25.982	25.982	25.982	25.982	25.982	25.982	25.982	25.982	25.982	25.982
910	Eastern Africa	-100.487	-122.621	-205.584	-100.195	-622	-669.173	-606.013	-389.136	-2264.564	-411.056	-1034.315	-1569.259	-1776.41	-1312.025	-1700.087	-1117.633	-902.71	-852.786	-852.895	-853.017	-853.017	-853.017	-853.017	-853.017	-853.017	-853.017	-853.017	-853.017	-853.017	-853.017
108	Burundi	-69.947	-70.048	-84.989	-57.9	-266.496	-150.29	-139.146	-180.004	-320.001	-455.304	-24.721	30.004	-70.001	10.003	10.003	10.003	10.003	10.003	10.003	10.003	10.003	10.003	10.003	10.003	10.003	10.003	10.003	10.003	10.003	10.003
174	Comoros	0	-6.116	-8.491	-5.5	-5.5	10	-4.5	-4.5	-3	-6	-10	-10	-10	-10	-10	-10	-10	-10	-10	-10	-10	-10	-10	-10	-10	-10	-10	-10	-10	-10
262	Djibouti	0.999	5	18	25	34.997	91.193	9.999	89.998	-45	9.988	-8.997	-12.221	6.002	4.501	4.501	4.501	4.501	4.501	4.501	4.501	4.501	4.501	4.501	4.501	4.501	4.501	4.501	4.501	4.501	4.501
232	Eritrea	0.997	3	6.997	4.999	10	10	10	-40	-314.772	-129.998	227.29	-80.009	-246	-199.29	-80	-50.002	-34.998	-34.998	-34.998	-34.998	-34.998	-34.998	-34.998	-34.998	-34.998	-34.998	-34.998	-34.998	-34.998	-34.998
231	Ethiopia	-19.999	-20	-19.999	-42.182	-59.597	-2112.372	248.546	765.993	1457.943	-155.577	-150.001	-50.132	399.997	150.002	-60.001	-60.001	-60.001	-60.001	-60.001	-60.001	-60.001	-60.001	-60.001	-60.001	-60.001	-60.001	-60.001	-60.001	-60.001	-60.001
404	Kenya	0	0	-20	-19.535	-17.915	-2.93	3.805	5.023	221.569	-21.386	25.144	-189.33	-50	-50	-50	-50	-50	-50	-50	-50	-50	-50	-50	-50	-50	-50	-50	-50	-50	-50
450	Madagascar	0	0	0	-8	-19	-30	-10	-10	-9.5	-8.5	-7.5	-7.5	-7.5	-7.5	-7.5	-7.5	-7.5	-7.5	-7.5	-7.5	-7.5	-7.5	-7.5	-7.5	-7.5	-7.5	-7.5	-7.5	-7.5	-7.5
454	Malawi	0	0	0	0	-15.002	13.999	0	877.076	-861.893	-59.163	-59.163	-59.163	-80.263	-80.263	-30.883	-30	-30	-30	-30	-30	-30	-30	-30	-30	-30	-30	-30	-30	-30	-30
480	Mauritius	2.662	-8.097	-30.869	-29.156	-20.463	-20.617	-21.632	-35.977	-5.611	-8.858	-19.372	-12.079	-12.079	0	0	0	0	0	0	0	0	0	0	0	0	0	0	0	0	0
175	Mayotte	2.619	2.459	2.314	0.454	0.496	-0.987	3.794	6.055	10.734	4.664	0.2	-2	-1.5	0	0	0	0	0	0	0	0	0	0	0	0	0	0	0	0	0
508	Mozambique	-23.5	-23.5	-23.5	-23.5	-23.5	87.373	-376.378	-1336.06	642.368	-50	30.004	-40	-25	-25	-25	-25	-25	-25	-25	-25	-25	-25	-25	-25	-25	-25	-25	-25	-25	-25
638	Reunion	2.545	-3.943	-2.436	12.306	-23.731	-18.024	3.09	-1.996	9.589	9.746	-0.89	-12.422	-14.141	-6.28	-3.141	-3.141	-3.141	-3.141	-3.141	-3.141	-3.141	-3.141	-3.141	-3.141	-3.141	-3.141	-3.141	-3.141	-3.141	-3.141
646	Rwanda	0	0	-140.001	20	-20	-20	-50.002	29.999	-1374.27	1244.966	-72.601	-79.767	-108.094	-44.998	-44.998	-44.998	-44.998	-44.998	-44.998	-44.998	-44.998	-44.998	-44.998	-44.998	-44.998	-44.998	-44.998	-44.998	-44.998	-44.998
690	Seychelles	-2.373	-2.561	-0.984	-1.11	0.168	-0.299	-3.186	-5.196	0.503	-0.255	2.634	-2.725	-1	-1	-1	-1	-1	-1	-1	-1	-1	-1	-1	-1	-1	-1	-1	-1	-1	-1
706	Somalia	0	-1.328	-1.328	1.91	0	1796.103	-454.532	-410.787	-822.004	0	0	-199.997	-233.405	-200.002	-149.994	-149.994	-149.994	-149.994	-149.994	-149.994	-149.994	-149.994	-149.994	-149.994	-149.994	-149.994	-149.994	-149.994	-149.994	-149.994
728	South Sudan	0	0	0	0	25	60	150	-416.233	-1097.076	300	432	846.611	-100	-870.998	-125	-75	-25	-25	-25	-25	-25	-25	-25	-25	-25	-25	-25	-25	-25	-25
800	Uganda	0	0	124.999	50.004	-276.112	-179.999	-120.001	200.002	109.998	-180.002	-250.002	-500	-299.994	843.469	-580.102	-299.998	-200.002	-149.998	-149.999	-150	-150	-150	-150	-150	-150	-150	-150	-150	-150	-150
834	United Republic of Tanzania	10.017	10.017	25.04	36.058	120.202	-25.04	35.062	68.117	584.095	-400.706	-300.523	-500.853	-250.435	-200.381	-200.432	-200.508	-200.58	-200.66	-200.768	-200.889	-200.889	-200.889	-200.889	-200.889	-200.889	-200.889	-200.889	-200.889	-200.889	-200.889
894	Zambia	0	0	-35.328	-22.042	-20	-25	10	-75	-150	20	-150	-175	-50	-40	-40	-25	-25	-25	-25	-25	-25	-25	-25	-25	-25	-25	-25	-25	-25	-25
716	Zimbabwe	-4.507	-7.504	-15.009	-42.001	-45.547	-152.283	99.068	84.354	-298.236	-524.671	-697.817	-512.676	-622.997	-584.288	-306.54	-99.995	-50	-50	-50	-50	-50	-50	-50	-50	-50	-50	-50	-50	-50	-50
911	Middle Africa	-6.14	-100.866	-163.881	-352.707	56.19	90.358	-257.968	189.733	1463.476	-622.612	278.005	441.34	-28.886	5.267	-55.998	-109.005	-113.509	-113.004	-117.503	-122.001	-122.001	-122.001	-122.001	-122.001	-122.001	-122.001	-122.001	-122.001	-122.001	-122.001
24	Angola	0	-172.887	-296.717	-587.286	199.8	199.8	234.148	188.491	142.812	199.8	261.1	357.301	166.267	32.066	0	-5.002	-5.002	-4.997	-4.998	-5	-5	-5	-5	-5	-5	-5	-5	-5	-5	-5
120	Cameroon	0	0	0	-1	-2.5	0	-16.5	-19.5	-48	-48	-54	-54	-36	-24	-24	-24	-24	-24	-24	-24	-24	-24	-24	-24	-24	-24	-24	-24	-24	-24
140	Central African Republic	0	0	11.93	13.145	-50	-1	40	-80	50	30	-24.405	-125.614	-396.129	-200	-80	-35	-25	-25	-25	-25	-25	-25	-25	-25	-25	-25	-25	-25	-25	-25
148	Chad	0	-2.5	-5	-40.95	-49.05	-175.5	-131.245	1.418	-10.374	69.444	218.966	75	100	10	0	-10	-10	-10	-10	-10	-10	-10	-10	-10	-10	-10	-10	-10	-10	-10
178	Congo	0	0	0	0	0	-7.407	2.098	2	22.53	49.302	51.485	91.771	-60	-20	-10	-5.003	-5.003	-5.003	-5.003	-5.003	-5.003	-5.003	-5.003	-5.003	-5.003	-5.003	-5.003	-5.003	-5.003	-5.003
180	Dem. Republic of the Congo	0	75	122.65	242.939	27.45	100.685	-450.468	74.515	1287.106	-958.174	-241.564	-43.426	15.06	119.303	0	-75	-75	-75	-75	-75	-75	-75	-75	-75	-75	-75	-75	-75	-75	-75
226	Equatorial Guinea	0	0	2.998	5.001	-70	-29.998	64.999	20	20.002	35.001	50.003	80.001	89.999	79.998	60.002	45	29.996	29.996	24.998	20.002	20.002	20.002	20.002	20.002	20.002	20.002	20.002	20.002	20.002	20.002
266	Gabon	2.999	2.999	9.41	16.188	2.999	4.999	4.999	4.999	4.999	9.566	24.82	63.698	100.317	16.301	5	5	5	5	5	5	5	5	5	5	5	5	5	5	5	5
678	Sao Tome and Principe	-9.139	-3.478	-9.152	-0.744	-2.509	-1.221	-5.999	-2.19	-5.599	-9.551	-8.4	-3.391	-8.4	-8.401	-7	-5	-4.5	-4	-3.5	-3	-3	-3	-3	-3	-3	-3	-3	-3	-3	-3
913	Southern Africa	-25.871	-49.748	47.104	147.718	188.481	30.124	122.062	-75.487	828.785	592.112	605.937	767.167	720.057	625.997	489.406	421.247	371.299	291.905	287.513	289.793	289.793	289.793	289.793	289.793	289.793	289.793	289.793	289.793	289.793	289.793
72	Botswana	-7.655	-30.622	-22.436	-24.198	3.992	17.744	5.203	46.821	24.296	36.443	26.928	26.928	-73.138	14.999	14.999	14.999	14.999	14.999	14.999	14.999	14.999	14.999	14.999	14.999	14.999	14.999	14.999	14.999	14.999	14.999
748	Eswatini	-5.676	-8.048	-12.011	-3.966	-11.426	-10.1	-9.31	-2.218	-23.252	-25.847	-47.814	-38.219	-41.764	-41.764	-27.392	-15.995	9.999	9.999	9.999	9.999	9.999	9.999	9.999	9.999	9.999	9.999	9.999	9.999	9.999	9.999
426	Lesotho	-20	-25.998	-24.999	-22.399	-24.048	-6.538	-25.76	-40.195	-7.839	-37.212	-161.218	-92.476	-47.704	-50.234	-40.001	-19.999	-19.999	-19.999	-19.999	-19.999	-19.999	-19.999	-19.999	-19.999	-19.999	-19.999	-19.999	-19.999	-19.999	-19.999
516	Namibia	0	0	0	-1.078	-2.696	-44.298	-29.069	38.106	-17.28	-21.174	-0.941	8.713	-37.034	-24.03	-19.947	-16.555	-13.742	-11.407	-9.47	-7.858	-7.858	-7.858	-7.858	-7.858	-7.858	-7.858	-7.858	-7.858	-7.858	-7.858
710	South Africa	7.46	14.92	106.55	199.359	222.659	73.316	180.998	-118.001	852.86	639.902	788.982	862.221	919.697	727.026	561.747	458.797	380.042	298.313	291.984	292.652	292.652	292.652	292.652	292.652	292.652	292.652	292.652	292.652	292.652	292.652
914	Western Africa	-54.075	-71.518	-57.374	-140.298	-195.54	-148.051	-971.584	-989.609	-1142.372	-445.744	-804.266	-983.641	-1399.441	-885.01	-863.64	-837.096	-847.731	-846.852	-845.476	-843.985	-843.985	-843.985	-843.985	-843.985	-843.985	-843.985	-843.985	-843.985	-843.985	-843.985
204	Benin	-23.001	-23.001	-24.295	-23.742	-24.845	-19.393	-10.848	-8.723	68.259	-2.851	25.005	-48.776	-42.268	-10	-10	-10	-10	-10	-10	-9.999	-9.999	-9.999	-9.999	-9.999	-9.999	-9.999	-9.999	-9.999	-9.999	-9.999
854	Burkina Faso	-102.159	-102.159	-144.723	-144.723	-170.263	-217.4	-217.4	-183.699	-150.001	-137.499	-125	-125	-125	-125	-125	-125	-125	-125	-125	-125	-125	-125	-125	-125	-125	-125	-125	-125	-125	-125
132	Cabo Verde	-5.926	-22.773	-1.167	4.267	-34.907	-27.982	-20.313	-27.757	-6.376	-5.438	-9.859	-11.341	-8.029	-6.709	-6.219	-4.663	-3.5	-2.625	-1.966	-1.476	-1.476	-1.476	-1.476	-1.476	-1.476	-1.476	-1.476	-1.476	-1.476	-1.476
384	Cote d'Ivoire	69.38	100.515	200.706	200.706	393.042	403.322	427.498	319.134	375	180	-300	-200	-80	-40	0	30	30	30	30	30	30	30	30	30	30	30	30	30	30	30
270	Gambia	0	5.041	5.282	13.403	14.403	14.58	14.883	60.597	2.62	-4.57	1.517	-15.436	-15.436	-15.436	-15.436	-15.436	-15.436	-15.436	-15.436	-15.436	-15.436	-15.436	-15.436	-15.436	-15.436	-15.436	-15.436	-15.436	-15.436	-15.436
288	Ghana	60.002	60.003	30	-260.133	-143	-459.839	-12.339	-40	-16	-126.999	25.002	150	-50	-50	-50	-50	-50	-50	-50	-50	-50	-50	-50	-50	-50	-50	-50	-50	-50	-50
324	Guinea	0	0	0	0	-87.571	-156.695	-83.323	0	-134.975	-181.099	-349.998	-311.422	-293.749	-20	-20	-20	-20	-20	-20	-20	-20	-20	-20	-20	-20	-20	-20	-20	-20	-20
624	Guinea-Bissau	-10.001	-9.982	-20.001	-7.23	-14.999	-79.367	-30.001	-28.004	-29.999	-41.167	-27.932	-17.502	-7.005	-6.996	-6.996	-6.996	-6.996	-6.996	-6.996	-6.996	-6.996	-6.996	-6.996	-6.996	-6.996	-6.996	-6.996	-6.996	-6.996	-6.996
430	Liberia	-0.013	7.983	7.996	7.996	10.996	11.949	0	-359.708	-290	462.952	-50	175.585	25	-25	-25	-25	-25	-25	-25	-25	-25	-25	-25	-25	-25	-25	-25	-25	-25	-25
466	Mali	-35.031	-49.07	-70.243	-98.235	-95.585	-174.998	-218.064	-493.982	-173.489	-141.95	-67.11	-100.823	-302.449	-200	-200	-200	-200	-200	-200	-200	-200	-200	-200	-200	-200	-200	-200	-200	-200	-200
478	Mauritania	-1.3	-1.6	-1.82	-2.76	-5.95	-9.7	-16.1	-39.998	-44.622	-44.003	-10.004	10.001	25.002	25.002	20.003	14.999	14.999	14.999	14.999	14.999	14.999	14.999	14.999	14.999	14.999	14.999	14.999	14.999	14.999	14.999
562	Niger	5.001	-25.124	-11.545	-11.545	-13.763	-18.138	-92.946	-77.917	-2.679	-9.944	-9.497	-20.001	18.911	20.001	5	5	5	5	5	5	5	5	5	5	5	5	5	5	5	5
566	Nigeria	3.368	2.706	1.021	-43.347	-38.526	820.713	-677.063	-91.407	-95.769	-95.027	-170	-300	-300	-300	-300	-300	-311.798	-311.8	-311.081	-310.079	-310.079	-310.079	-310.079	-310.079	-310.079	-310.079	-310.079	-310.079	-310.079	-310.079
686	Senegal	33.033	44.046	50.002	86.522	65.586	-134.783	-85.108	-60.291	-77.004	-227.553	-202.487	-218.014	-214.002	-100.001	-99.996	-99.996	-99.996	-99.996	-99.996	-99.996	-99.996	-99.996	-99.996	-99.996	-99.996	-99.996	-99.996	-99.996	-99.996	-99.996
694	Sierra Leone	0	0	0	0	0	0	0	62.745	-450	-150	500	60	-21	-21	-20	-20	-20	-20	-20	-20	-20	-20	-20	-20	-20	-20	-20	-20	-20	-20
768	Togo	-46.919	-57.336	-77.885	138.923	-49.999	-100	50.001	-20	-116.499	80	-33	-10.598	-9.994	-9.999	-9.996	-10.004	-10.004	-9.998	-10	-10.002	-10.002	-10.002	-10.002	-10.002	-10.002	-10.002	-10.002	-10.002	-10.002	-10.002
912	Northern Africa	-423.11	-391.38	-656.945	-867.14	-1351.14	-903.7	-365.449	-520.481	-253.594	-1577.194	-1553.532	-2342.645	-1776.605	-749.35	-502.091	-502.091	-452.091	-452.091	-452.091	-452.091	-452.091	-452.091	-452.091	-452.091	-452.091	-452.091	-452.091	-452.091	-452.091	-452.091
12	Algeria	-359.943	-191.853	-282.941	-121.335	-253.436	-224.833	-81.02	-93.302	-128.679	-164.413	-205.228	-357.34	-143.268	-50.002	-50.002	-50.002	-50.002	-50.002	-50.002	-50.002	-50.002	-50.002	-50.002	-50.002	-50.002	-50.002	-50.002	-50.002	-50.002	-50.002
818	Egypt	-50.1	-50.1	-50.1	-239.7	-559.179	-595.294	-392.93	-212.184	-460.404	-210.899	-74.464	-283.573	-280.944	-190.164	-200	-200	-150	-150	-150	-150	-150	-150	-150	-150	-150	-150	-150	-150	-150	-150
434	Libya	0	46.022	45.891	48.002	58.665	57.534	113.38	5.49	3.965	-57.368	-20.569	-118.555	-300.002	-9.997	-9.997	-9.997	-9.997	-9.997	-9.997	-9.997	-9.997	-9.997	-9.997	-9.997	-9.997	-9.997	-9.997	-9.997	-9.997	-9.997
504	Morocco	0	-13.001	-239.8	-474.734	-508.947	-309.839	-320.659	-430.184	-466.627	-532.581	-654.821	-565.14	-367.108	-257.096	-200	-200	-200	-200	-200	-200	-200	-200	-200	-200	-200	-200	-200	-200	-200	-200
729	Sudan	0	0	0	0	20.002	180	219.998	150	645.81	-602.679	-546.005	-982.687	-538.145	-250.001	-50.002	-50.002	-50.002	-50.002	-50.002	-50.002	-50.002	-50.002	-50.002	-50.002	-50.002	-50.002	-50.002	-50.002	-50.002	-50.002
788	Tunisia	-18.667	-190.748	-142.495	-96.523	-97.065	-72.068	85.582	48.999	140.341	-39.804	-143.045	-40.641	-150	-20	-20	-20	-20	-20	-20	-20	-20	-20	-20	-20	-20	-20	-20	-20	-20	-20
732	Western Sahara	5.6	8.3	12.5	17.15	-11.18	60.8	10.2	10.7	12	30.55	90.6	5.291	2.862	27.91	27.91	27.91	27.91	27.91	27.91	27.91	27.91	27.91	27.91	27.91	27.91	27.91	27.91	27.91	27.91	27.91
922	Western Asia	262.926	311.89	346.367	63.706	287.005	394.524	1043.089	43.699	95.901	-882.454	1704.479	6352.889	3726.805	974.56	1289.46	117.726	-483.934	-533.294	-548.274	-547.766	-547.766	-547.766	-547.766	-547.766	-547.766	-547.766	-547.766	-547.766	-547.766	-547.766
51	Armenia	49.863	59.93	70.335	103.399	86.404	17.214	-51.23	-67.528	-496.288	-223.873	-160.521	-183.361	-30.535	-24.989	-24.989	-24.989	-24.989	-24.989	-24.989	-24.989	-24.989	-24.989	-24.989	-24.989	-24.989	-24.989	-24.989	-24.989	-24.989	-24.989
31	Azerbaijan	0	0	0	-40	-50.466	-50.466	-101.568	-161.568	-115.116	-111.849	36.523	53.579	8.499	6.002	0	0	0	0	0	0	0	0	0	0	0	0	0	0	0	0
48	Bahrain	3.08	7.861	-4.195	-8.033	19.123	48.962	3.234	12.899	5.48	39.18	155.5	272	42	239	75	65	30	20	20	20	20	20	20	20	20	20	20	20	20	20
196	Cyprus	-13.8	-6.648	-43.025	-7.843	3.053	-1.215	-27.634	17.167	43.195	53.26	57.53	58.658	22.509	25	24.999	25.001	24.999	24.999	24.999	24.999	24.999	24.999	24.999	24.999	24.999	24.999	24.999	24.999	24.999	24.999
268	Georgia	44.882	68.186	96.284	85.2	-73.426	-95.445	-47.827	-43.659	-591.854	-653.597	-148.337	-119.811	-95.34	-50	-50	-50	-50	-50	-50	-50	-50	-50	-50	-50	-50	-50	-50	-50	-50	-50
368	Iraq	-0.55	-1.1	-1.862	-6.877	-8.587	-47.791	-199.939	-647.664	-154.026	-17.859	-266.32	-1102.117	1303.607	39.171	98.179	-62.373	-50	-30	-30	-30	-30	-30	-30	-30	-30	-30	-30	-30	-30	-30
376	Israel	236.87	168.566	209.496	72.44	165.879	62.546	2.604	65.418	451.557	245.334	102.935	273.635	19.497	50.002	50.002	50.002	50.002	50.002	50.002	50.002	50.002	50.002	50.002	50.002	50.002	50.002	50.002	50.002	50.002	50.002
400	Jordan	123.094	119.958	35.715	255.435	-29.706	-80.758	81.657	170.602	412.472	-150.149	-93.91	649.995	1056.759	51.099	-719.786	-478.923	-175.066	-20	-20	-20	-20	-20	-20	-20	-20	-20	-20	-20	-20	-20
414	Kuwait	3.85	52.75	137	146.6	95.836	141.1	115.34	119.768	-655	242	26.5	479.5	580	197.6	70	70	60	60	55	45	45	45	45	45	45	45	45	45	45	45
422	Lebanon	1.615	40	20	-70.002	-10	-285.201	-214.378	-128.038	390.001	-29.428	550.11	-26.882	1192.354	-150.06	-812.141	-495.138	-170.002	-20	-20	-20	-20	-20	-20	-20	-20	-20	-20	-20	-20	-20
512	Oman	-10	-10	-10	-5	25.47	76.409	81.5	11.169	104.7	-193.372	15	267	885.782	437	110	60	0	0	0	20	20	20	20	20	20	20	20	20	20	20
634	Qatar	5.687	4.553	16.393	21.061	34.368	28.387	102.097	57.517	-10.132	29.506	213.916	914.602	604.852	200	130	105	85	60	60	60	60	60	60	60	60	60	60	60	60	60
682	Saudi Arabia	26.289	25.969	125.989	187.007	483.318	788.719	1383.529	716.825	-110	-350	747.996	1073.093	1722.804	674.895	270.935	279.752	291.59	194.34	194.655	195.101	195.101	195.101	195.101	195.101	195.101	195.101	195.101	195.101	195.101	195.101
275	State of Palestine	-68.816	-67.957	-77.646	-281.841	-32.255	-83.697	-61.453	-39.345	35.005	69.998	-190.001	-103.67	-157.065	-52.816	-25	-25	-24.999	-25.001	-25.003	-25.004	-25.004	-25.004	-25.004	-25.004	-25.004	-25.004	-25.004	-25.004	-25.004	-25.004
760	Syrian Arab Republic	-70	-15	-16	-16	-81.501	-161.672	-87.001	-146.501	-70	-130	-379.91	370	-5386.986	-2136.954	3815.652	1810.017	223.558	-49.998	-49.998	-49.998	-49.998	-49.998	-49.998	-49.998	-49.998	-49.998	-49.998	-49.998	-49.998	-49.998
792	Turkey	-19	-60.003	-149.999	-180.001	-240	-259.998	-70.001	-100.001	-120	-99.999	-39.998	-50	1763.078	1419.61	-1595.28	-1045.294	-337.782	-300	-300	-300	-300	-300	-300	-300	-300	-300	-300	-300	-300	-300
784	United Arab Emirates	-0.138	-0.175	37.882	53.823	260.488	372.43	184.159	256.638	368.126	498.394	1189.616	3592.436	270	200	21.889	-30.328	-281.244	-322.647	-332.94	-342.877	-342.877	-342.877	-342.877	-342.877	-342.877	-342.877	-342.877	-342.877	-342.877	-342.877
887	Yemen	-50	-75	-100	-245.662	-360.993	-75	-50	-50	607.781	-100	-112.15	-65.768	-75.01	-150	-150	-135.001	-135.001	-100	-100	-100	-100	-100	-100	-100	-100	-100	-100	-100	-100	-100
5500	Central Asia	768.007	1151.386	1038.974	817.628	-16.12	-391.292	-695.978	-1228.411	-2227.09	-1833.345	-641.5	-460.435	-186.991	-279.314	-214.315	-214.315	-214.315	-214.315	-214.315	-214.315	-214.315	-214.315	-214.315	-214.315	-214.315	-214.315	-214.315	-214.315	-214.315	-214.315
398	Kazakhstan	511.18	985.78	694.12	173.343	-128.101	-435.262	-433.268	-674.287	-1439.396	-1261.512	44.53	-35.196	159.807	-90	0	0	0	0	0	0	0	0	0	0	0	0	0	0	0	0
417	Kyrgyzstan	17.524	28.204	103.107	104.185	-12.065	-45.839	-54.162	-126.883	-276.249	-27.268	-172.911	-76.604	-93.353	-20	-50.002	-50.002	-50.002	-50.002	-50.002	-50.002	-50.002	-50.002	-50.002	-50.002	-50.002	-50.002	-50.002	-50.002	-50.002	-50.002
762	Tajikistan	58.359	8.361	53.337	65.78	28.033	22.8	12.417	-31.508	-232.301	-237.255	-144.939	-145.788	-136.974	-99.999	-99.999	-99.999	-99.999	-99.999	-99.999	-99.999	-99.999	-99.999	-99.999	-99.999	-99.999	-99.999	-99.999	-99.999	-99.999	-99.999
795	Turkmenistan	8.725	30.021	26.783	28.147	25.346	-5.07	-35.795	-39.702	43.633	-64.674	-125.883	-62.717	-50.002	-25.001	-20	-20	-20	-20	-20	-20	-20	-20	-20	-20	-20	-20	-20	-20	-20	-20
860	Uzbekistan	172.219	99.02	161.627	446.173	70.667	72.079	-185.17	-356.031	-322.777	-242.636	-242.297	-140.13	-66.469	-44.314	-44.314	-44.314	-44.314	-44.314	-44.314	-44.314	-44.314	-44.314	-44.314	-44.314	-44.314	-44.314	-44.314	-44.314	-44.314	-44.314
5501	Southern Asia	-242.221	-341.535	-461.956	-735.37	-1158.102	-373.031	-663.468	-417.403	-453.522	-2944.793	-4534.398	-9358.31	-8183.01	-6490.364	-5277.214	-5623.319	-5679.328	-5679.39	-5666.706	-5649.097	-5649.097	-5649.097	-5649.097	-5649.097	-5649.097	-5649.097	-5649.097	-5649.097	-5649.097	-5649.097
4	Afghanistan	-20	-20	-20	-20	-20	-1153.959	-3345.095	-1525.351	3076.383	-867.54	744.193	-1046.361	521.769	-314.602	-300	-330.092	-311.796	-311.802	-311.082	-310.076	-310.076	-310.076	-310.076	-310.076	-310.076	-310.076	-310.076	-310.076	-310.076	-310.076
50	Bangladesh	-55.096	1.484	-142.378	-161.822	-3045.287	-1137.344	-793.826	-219.363	-813.794	-719.899	-1492.537	-3254.778	-2306.839	-1847.503	-1740.304	-1650.467	-1558.989	-1559.009	-1555.402	-1550.399	-1550.399	-1550.399	-1550.399	-1550.399	-1550.399	-1550.399	-1550.399	-1550.399	-1550.399	-1550.399
64	Bhutan	5	5	5	10	10.001	10.016	0.797	1.595	-58.565	0.143	6.171	-10.971	0.3	1.6	1.5	1.5	1.5	1.5	1.5	1.5	1.5	1.5	1.5	1.5	1.5	1.5	1.5	1.5	1.5	1.5
356	India	-105.701	-154.023	-85.391	-342.846	2106.041	1111.236	579.708	45.15	-552.948	-682.569	-1888.986	-2655.844	-2350.075	-2663.434	-2320.405	-2200.618	-2078.659	-2078.678	-2073.862	-2067.186	-2067.186	-2067.186	-2067.186	-2067.186	-2067.186	-2067.186	-2067.186	-2067.186	-2067.186	-2067.186
364	Iran (Islamic Republic of)	-1.088	-1.947	-7.838	51.755	77.633	403.319	2007.67	1497.228	-898.423	-218.35	-48.444	-576.9	-502.345	-274.998	-199.998	-200.001	-200.002	-200.002	-200.002	-200.002	-200.002	-200.002	-200.002	-200.002	-200.002	-200.002	-200.002	-200.002	-200.002	-200.002
462	Maldives	-0.022	-0.116	-0.581	-2.904	2.415	0	0	-2.605	-3.072	-1.1	17.392	17.994	58.358	56.851	-43.232	-22.673	1.63	1.63	1.63	1.63	1.63	1.63	1.63	1.63	1.63	1.63	1.63	1.63	1.63	1.63
524	Nepal	-40.559	-80.231	-70	-21.075	-5.799	-41.002	-101.147	-216.407	76.064	-464.703	-772.525	-971.58	-2040.239	208.549	771.763	71.959	-311.805	-311.809	-311.087	-310.085	-310.085	-310.085	-310.085	-310.085	-310.085	-310.085	-310.085	-310.085	-310.085	-310.085
586	Pakistan	-8.255	-16.702	-93.268	-209.978	-138.106	672.203	1387.118	139.79	-1023.387	470.909	-650.182	-339.805	-1079.167	-1166.895	-1011.463	-880.312	-831.458	-831.468	-829.55	-826.88	-826.88	-826.88	-826.88	-826.88	-826.88	-826.88	-826.88	-826.88	-826.88	-826.88
144	Sri Lanka	-16.5	-75	-47.5	-38.5	-145	-237.5	-398.693	-137.44	-255.78	-461.684	-449.48	-520.065	-484.772	-489.932	-435.075	-412.615	-389.749	-389.752	-388.851	-387.599	-387.599	-387.599	-387.599	-387.599	-387.599	-387.599	-387.599	-387.599	-387.599	-387.599
906	Eastern Asia	-179.625	276.083	-1103.657	1037.538	-562.481	163.32	67.644	-224.681	-722.38	-236.751	-1436.266	-1710.9	-536.927	-1035.268	-1191.029	-1064.58	-935.407	-935.491	-931.501	-925.929	-925.929	-925.929	-925.929	-925.929	-925.929	-925.929	-925.929	-925.929	-925.929	-925.929
156	China	-256.027	-59.5	-1125.727	-160.002	-1105.479	-47.004	-200	-431.651	-779.982	-382.999	-1965.578	-2178.385	-1552.209	-1741.996	-1856.322	-1760.502	-1558.991	-1559.007	-1555.405	-1550.395	-1550.395	-1550.395	-1550.395	-1550.395	-1550.395	-1550.395	-1550.395	-1550.395	-1550.395	-1550.395
344	China, Hong Kong SAR	149.239	163.967	-27.385	71.59	73.97	390.487	160.605	221.262	156.486	375.683	64.797	89.747	74.892	146.542	120.002	182.202	100	100	100	100	100	100	100	100	100	100	100	100	100	100
446	China, Macao SAR	-32.376	-43.78	19.062	33.602	-10.972	-10.034	25.146	33.466	21.845	27.864	46.284	42.381	42.35	25	25	25	25	25	25	25	25	25	25	25	25	25	25	25	25	25
158	China, Taiwan Province of China	95.002	5	250.88	351.489	-24.999	-210	-61.001	80	-150.001	-249.999	205	250.002	169.999	150.004	119.999	119.999	119.999	119.999	119.999	119.999	119.999	119.999	119.999	119.999	119.999	119.999	119.999	119.999	119.999	119.999
408	Dem. People's Rep. of Korea	-568.413	0	0	0	0	0	0	0	0	-13.932	-17.19	-24.681	-27.013	-27.013	-18.587	-10.156	-10.156	-10.156	-10.156	-10.156	-10.156	-10.156	-10.156	-10.156	-10.156	-10.156	-10.156	-10.156	-10.156	-10.156
392	Japan	0	-99.999	-151.351	822.703	714.937	205.006	50.002	-298.339	46.286	-100.333	164.199	277.58	358.133	357.8	323.142	233.132	242.996	242.928	243.316	243.878	243.878	243.878	243.878	243.878	243.878	243.878	243.878	243.878	243.878	243.878
496	Mongolia	0	0	0	0	0	0	0	0	-88.432	-52.463	-15.001	-10.998	-4.262	-4.262	-4.262	-4.262	-4.262	-4.262	-4.262	-4.262	-4.262	-4.262	-4.262	-4.262	-4.262	-4.262	-4.262	-4.262	-4.262	-4.262
410	Republic of Korea	432.95	310.395	-69.136	-81.844	-209.938	-165.135	92.892	170.581	71.418	159.428	81.223	-156.546	401.183	58.657	99.999	150.007	150.007	150.007	150.007	150.007	150.007	150.007	150.007	150.007	150.007	150.007	150.007	150.007	150.007	150.007
920	South-Eastern Asia	384.661	260.999	180.227	-291.557	285.268	-987.519	80.524	389.74	-1505.951	-80.554	-3325.815	-3923.011	-1774.178	-1815.176	-1294.216	-1196.46	-1114.01	-1114.088	-1110.842	-1106.315	-1106.315	-1106.315	-1106.315	-1106.315	-1106.315	-1106.315	-1106.315	-1106.315	-1106.315	-1106.315
96	Brunei Darussalam	6.699	7.008	6.422	10.843	10.886	8.293	3.622	3.684	4.77	4.188	0.422	-2.257	-0.901	0	0	0	0	0	0	0	0	0	0	0	0	0	0	0	0	0
116	Cambodia	0	0	0	-248.418	-125	-84.999	-88.854	-78.022	409.414	348.495	-35.156	-295.987	-149.999	-149.999	-149.999	-149.999	-149.999	-149.999	-149.999	-149.999	-149.999	-149.999	-149.999	-149.999	-149.999	-149.999	-149.999	-149.999	-149.999	-149.999
360	Indonesia	378.717	402.68	449.965	556.062	508.276	378.743	475.08	261.282	-35.412	-67.671	-1149.655	-1333.685	-454.447	-494.777	-527.25	-500.034	-472.322	-472.326	-471.237	-469.715	-469.715	-469.715	-469.715	-469.715	-469.715	-469.715	-469.715	-469.715	-469.715	-469.715
418	Lao People's Dem. Republic	-0.01	0.046	0.076	0.03	0.046	-198.756	-35.11	0.138	-60.567	-134.746	-148.1	-110.258	-112.313	-73.518	-73.518	-73.518	-73.518	-73.518	-73.518	-73.518	-73.518	-73.518	-73.518	-73.518	-73.518	-73.518	-73.518	-73.518	-73.518	-73.518
458	Malaysia	-17.181	-62.842	-58.601	-139.279	-135.303	-5.443	-77.285	425.455	292.354	516.689	671.473	761.878	249.999	249.999	249.999	233.131	242.992	242.927	243.318	243.873	243.873	243.873	243.873	243.873	243.873	243.873	243.873	243.873	243.873	243.873
104	Myanmar	0	0	0	0	0	0	-54.656	-200	-713.704	-537.998	-1208.092	-1336.928	-528.211	-816.564	-199.998	-100	-100	-100	-100	-100	-100	-100	-100	-100	-100	-100	-100	-100	-100	-100
608	Philippines	-49.122	-153.917	-218.063	-470.43	-375.09	-476.561	-292.444	-314.676	-698.877	-949.346	-1244.356	-1548.077	-834.619	-335.758	-335.758	-369.439	-348.958	-348.965	-348.159	-347.04	-347.04	-347.04	-347.04	-347.04	-347.04	-347.04	-347.04	-347.04	-347.04	-347.04
702	Singapore	65.558	68.024	0.428	-0.365	5.881	14.273	137.812	119.802	297.845	321.578	92.772	721.338	317.028	135.142	135.142	135.142	135.142	135.142	135.142	135.142	135.142	135.142	135.142	135.142	135.142	135.142	135.142	135.142	135.142	135.142
764	Thailand	0	0	0	0	395.572	287.226	339.923	504.404	-607.538	715.832	373.746	59.008	167.314	97.222	96.246	93.384	93.384	93.384	93.384	93.384	93.384	93.384	93.384	93.384	93.384	93.384	93.384	93.384	93.384	93.384
626	Timor-Leste	0	0	0	0	0	-51.4	0	0	0	-81.574	-27.87	-38.074	-28.03	-26.924	-25	-25	-25	-25	-25	-25	-25	-25	-25	-25	-25	-25	-25	-25	-25	-25
704	Viet Nam	0	0	0	0	0	-858.895	-327.564	-332.327	-394.236	-216.001	-650.999	-799.969	-399.999	-399.999	-464.08	-440.127	-415.731	-415.733	-414.773	-413.442	-413.442	-413.442	-413.442	-413.442	-413.442	-413.442	-413.442	-413.442	-413.442	-413.442
915	Caribbean	-505.484	-530.265	-659.858	-792.507	-612.542	-586.921	-727.45	-610.953	-590.362	-621.62	-728.305	-767.418	-714.222	-951.328	-323.247	-330.247	-402.25	-351.699	-320.15	-303.105	-303.105	-303.105	-303.105	-303.105	-303.105	-303.105	-303.105	-303.105	-303.105	-303.105
28	Antigua and Barbuda	-0.973	-1.498	-1.88	-1.202	-7.018	-4.428	-3.763	-2.89	2.231	2.469	0.252	1.887	0.943	0	0	0	0	0	0	0	0	0	0	0	0	0	0	0	0	0
533	Aruba	-1.58	2.784	-4.323	-4.275	-3.537	-5.47	-1.921	-5.194	14.218	6.926	6.263	-0.441	1.253	1.004	0.803	0.646	0.519	0.417	0.334	0.269	0.269	0.269	0.269	0.269	0.269	0.269	0.269	0.269	0.269	0.269
44	Bahamas	-0.921	7.881	13.873	13.929	0.949	2.981	0.646	-0.811	-0.322	-3.001	11.877	14.536	4.999	4.999	4.999	4.999	4.999	4.999	4.999	4.999	4.999	4.999	4.999	4.999	4.999	4.999	4.999	4.999	4.999	4.999
52	Barbados	-5.96	-18.629	-17.96	-13.677	-6.934	-5.548	-7.856	-6.311	-5.393	-3.643	-3.188	-0.249	-0.397	-0.397	-0.397	-0.397	-0.397	-0.397	-0.397	-0.397	-0.397	-0.397	-0.397	-0.397	-0.397	-0.397	-0.397	-0.397	-0.397	-0.397
192	Cuba	-30	-55	-204.043	-248.423	-190	-160	-270	-69.999	-120.006	-132.839	-145.629	-240	-80	-72	-55	-30	-30	-30	-30	-30	-30	-30	-30	-30	-30	-30	-30	-30	-30	-30
531	Curacao	2.619	-5.986	-7.752	-4.526	-5	-13.251	-8.464	-14.547	-11.517	-17.077	-6.07	15.363	6.817	2.573	2.573	2.573	2.573	2.573	2.573	2.573	2.573	2.573	2.573	2.573	2.573	2.573	2.573	2.573	2.573	2.573
214	Dominican Republic	-18.957	-31.722	-43.49	-56.172	-70.824	-87.098	-118.102	-134.47	-144.154	-150.146	-152.553	-153.773	-153	-150	-146	-140	-132	-124	-116	-110	-110	-110	-110	-110	-110	-110	-110	-110	-110	-110
308	Grenada	-6.1	-5.73	-9.45	-9.731	-11.759	-13.206	-0.586	-15.189	-4.21	-3.964	-3.511	-3.526	-1	-1	-1	-1	-1	-1	-1	-1	-1	-1	-1	-1	-1	-1	-1	-1	-1	-1
312	Guadeloupe	-2.805	5.503	-10.981	-15.905	-26.684	-18.572	-14.856	21.103	-8.194	-2.977	-38.122	-12.268	-15.839	-7.2	-6	-4	-4	-4	-3	-2	-2	-2	-2	-2	-2	-2	-2	-2	-2	-2
332	Haiti	-29.999	-34.999	-51.997	-58.003	-88	-97.999	-124.999	-135.001	-140.001	-144.998	-139.999	-138.004	-150	-175	-160	-150	-130	-100	-90	-80	-80	-80	-80	-80	-80	-80	-80	-80	-80	-80
388	Jamaica	-38.941	-149.844	-143.938	-149.741	-91.034	-98.483	-71.084	-146.934	-110.068	-93.279	-92.045	-87.319	-56.658	-56.658	-56.658	-56.658	-56.658	-56.658	-56.658	-56.658	-56.658	-56.658	-56.658	-56.658	-56.658	-56.658	-56.658	-56.658	-56.658	-56.658
474	Martinique	-8.004	0.035	-8.196	-23.08	-27.079	-20.682	-1.639	-0.234	-6.748	2.54	-4.008	-14.113	-22.635	-4.8	-3.203	-3.203	-3.203	-3.203	-3.203	-3.203	-3.203	-3.203	-3.203	-3.203	-3.203	-3.203	-3.203	-3.203	-3.203	-3.203
630	Puerto Rico	-335.936	-207.687	-91.587	-134.255	-41.031	-19.579	-48.42	-55.192	-0.296	-30.45	-145.704	-138.043	-242.701	-489.932	100.031	50	-50	-37.506	-25.007	-25.007	-25.007	-25.007	-25.007	-25.007	-25.007	-25.007	-25.007	-25.007	-25.007	-25.007
662	Saint Lucia	-8.729	-12.53	-9.187	-7.795	-9.703	-8.971	-8.009	-4.285	-5.031	-1.541	-0.804	4.36	0	0	0	0	0	0	0	0	0	0	0	0	0	0	0	0	0	0
670	St. Vincent and the Grenadines	-5.228	-6.27	-9.356	-9.706	-8.448	-7.246	-7.35	-7.183	-8.721	-7.971	-5.298	-5.696	-2.934	-1	-1	-1	-1	-1	-1	-1	-1	-1	-1	-1	-1	-1	-1	-1	-1	-1
780	Trinidad and Tobago	-3.821	-3.686	-56.797	-61.309	-28.896	-29.937	-33.669	-45.387	-32.813	-34.262	-17.49	-18.605	-3.999	-3.999	-3.999	-3.999	-3.999	-3.999	-3.999	-3.999	-3.999	-3.999	-3.999	-3.999	-3.999	-3.999	-3.999	-3.999	-3.999	-3.999
850	United States Virgin Islands	-0.302	-0.537	10.27	3.245	9.407	1.961	-3.492	-11.156	-4.618	-3.936	-5.272	-6.267	-4.501	-2.254	-2.254	-2.254	-2.254	-2.254	-2.254	-2.254	-2.254	-2.254	-2.254	-2.254	-2.254	-2.254	-2.254	-2.254	-2.254	-2.254
916	Central America	-321.848	-366.497	-492.89	-769.492	-1243.18	-1795.789	-1959.199	-2613.541	-2787.048	-3124.434	-2952.251	-1081.011	-822.686	-606.127	-534.589	-451.094	-450.627	-435.603	-437.692	-437.222	-437.222	-437.222	-437.222	-437.222	-437.222	-437.222	-437.222	-437.222	-437.222	-437.222
84	Belize	-2.956	-2.744	-2.418	-2.957	-10.665	-13.542	-5.332	-5.404	-9.011	11.909	5.797	8.722	7.594	6	5.508	5	4.508	4	3.508	3	3	3	3	3	3	3	3	3	3	3
188	Costa Rica	4.912	7.137	7.905	7.827	12.638	17.425	18.876	17.417	69.202	89.527	41.792	30.339	19.658	21	19	16	13	10	7	6	6	6	6	6	6	6	6	6	6	6
222	El Salvador	-62.152	-43.88	-24.031	-44.306	-90.977	-164.23	-231.749	-256.685	-265.152	-326.853	-312.786	-285.671	-240.415	-202.694	-170.327	-141.572	-135.508	-116.253	-116.25	-116.252	-116.252	-116.252	-116.252	-116.252	-116.252	-116.252	-116.252	-116.252	-116.252	-116.252
320	Guatemala	-2.865	-4.247	-10.311	-41.269	-137.529	-258.519	-283.074	-299.909	-367.469	-402.326	-281.05	-114.231	-50.131	-46.073	-45.6	-45.17	-44.76	-44.35	-43.95	-43.57	-43.57	-43.57	-43.57	-43.57	-43.57	-43.57	-43.57	-43.57	-43.57	-43.57
340	Honduras	-2.002	-12.002	-29.002	-41	-45.999	-50.999	-61.998	-73.998	-77.999	-64.998	-41.999	-25	-30	-34	-26	-18	-15	-12	-8	-5	-5	-5	-5	-5	-5	-5	-5	-5	-5	-5
484	Mexico	-231.909	-287.484	-409.085	-616.085	-920.38	-1253.817	-1273.198	-1835.537	-2018.533	-2296.47	-2206.114	-562.404	-422.477	-300	-275	-250	-250	-250	-250	-250	-250	-250	-250	-250	-250	-250	-250	-250	-250	-250
558	Nicaragua	-10.81	-11.02	-14.02	-19.01	-37.98	-58.03	-110.02	-150.03	-120.04	-145.02	-174.01	-155.01	-135.02	-106.36	-80.17	-40	-40	-40	-40	-40	-40	-40	-40	-40	-40	-40	-40	-40	-40	-40
591	Panama	-14.066	-12.257	-11.928	-12.692	-12.288	-14.077	-12.704	-9.395	1.954	9.797	16.119	22.244	28.105	56	38	22.648	17.133	13	10	8.6	8.6	8.6	8.6	8.6	8.6	8.6	8.6	8.6	8.6	8.6
931	South America	353.555	-241.746	-471.085	-632.351	-817.438	-1132.259	-817.013	-731.609	-926.235	-922.329	-1650.148	-1945.061	-1293.476	-1050.04	-159.893	71.772	-176.981	-246.74	-242.46	-238.62	-238.62	-238.62	-238.62	-238.62	-238.62	-238.62	-238.62	-238.62	-238.62	-238.62
32	Argentina	280.091	140.833	122	130	142	-230	140	160	-105	-128	-125	-120	30	24	19	15.4	12	8	6	6	6	6	6	6	6	6	6	6	6	6
68	Bolivia (Plurinational State of)	-23.86	-11.76	-20.76	-23.15	-26.62	-40.13	-73.67	-64.26	-51.67	-64.33	-77.72	-67.7	-57.62	-47.52	-38	-30.7	-25.2	-20.2	-16.4	-13.5	-13.5	-13.5	-13.5	-13.5	-13.5	-13.5	-13.5	-13.5	-13.5	-13.5
76	Brazil	298.175	0	0	0	0	0	0	0	0	0	0	0	15.924	106	30	30	10	10	10	10	10	10	10	10	10	10	10	10	10	10
152	Chile	-123.955	-129.11	-146.9	-196.5	-161.26	-148.3	-154.52	-68.65	3.61	19.34	42.33	107.169	163.73	558.539	-360	-144	160	120	80	60	60	60	60	60	60	60	60	60	60	60
170	Colombia	-208.405	-232.794	-306.563	-338.635	-380.422	-419.35	-370.972	-324	-287.95	-259	-231	-195	-193.38	1023.981	-893.356	-198	-108.58	-97.72	-88.04	-79.2	-79.2	-79.2	-79.2	-79.2	-79.2	-79.2	-79.2	-79.2	-79.2	-79.2
218	Ecuador	-2	-7.999	-9.002	-5.5	-5.499	-7.198	-14.001	-16.998	-19	-69.999	-120.002	-44.999	-38.001	182	-109.204	-43.682	-22	-13.42	-13.42	-13.42	-13.42	-13.42	-13.42	-13.42	-13.42	-13.42	-13.42	-13.42	-13.42	-13.42
254	French Guiana	0.231	0.706	3.474	4.035	2.53	5.096	10.773	16.749	4.45	6.6	17.299	3.004	-1.057	6	6	6	6	6	6	6	6	6	6	6	6	6	6	6	6	6
328	Guyana	1.676	-1.305	-14.669	-42.559	-54.362	-52.341	-97.34	-102.648	-57.867	-86.647	-63.249	-50.078	-34.999	-30.001	-25	-19.997	-19.551	-19.551	-19.551	-19.551	-19.551	-19.551	-19.551	-19.551	-19.551	-19.551	-19.551	-19.551	-19.551	-19.551
600	Paraguay	-79.37	-75.02	-70.93	-66.17	-59.11	-46.56	-21.31	-17.34	-31.18	-44.09	-47.15	-117.9	-87.13	-82.78	-77.06	-70.31	-62.85	-62.85	-62.85	-62.85	-62.85	-62.85	-62.85	-62.85	-62.85	-62.85	-62.85	-62.85	-62.85	-62.85
604	Peru	-15.5	-19.5	-29.3	-48.9	-82.6	-94.1	-175.5	-280.6	-354.6	-255.8	-909.782	-1202.758	-624.809	495.345	-319	-127	-61	-49.3	-29.6	-29.6	-29.6	-29.6	-29.6	-29.6	-29.6	-29.6	-29.6	-29.6	-29.6	-29.6
740	Suriname	-3.423	-5.416	-11.05	-13.862	-56.82	-40.352	-31.771	-4.845	-5.195	-10.189	-9.124	-6.485	-5	-4.999	-4.999	-4.999	-4.999	-4.999	-4.999	-4.999	-4.999	-4.999	-4.999	-4.999	-4.999	-4.999	-4.999	-4.999	-4.999	-4.999
858	Uruguay	10	20	-6	-34	-136	-60	-30	-30	-20	-26	-104	-50	-30	-15	-13.902	-12.35	-10.801	-9.7	-8.6	-7.5	-7.5	-7.5	-7.5	-7.5	-7.5	-7.5	-7.5	-7.5	-7.5	-7.5
862	Venezuela (Bolivarian Republic of)	220.074	79.82	18.87	3.16	0.94	1.12	1.38	0.92	-2.27	-4.54	-22.74	-200.22	-431.04	-3266.243	1625.628	671.41	-50	-113	-101	-90	-90	-90	-90	-90	-90	-90	-90	-90	-90	-90
36	Australia	396.007	399.557	384.343	806.193	259.531	235.744	453.572	654.209	351.078	388.419	589.282	1210.802	989.375	791.229	677.346	699.385	728.984	728.778	729.955	731.63	731.63	731.63	731.63	731.63	731.63	731.63	731.63	731.63	731.63	731.63
554	New Zealand	62.412	38.875	54.391	-2.624	76.678	-74.794	-2.908	-9.418	118.016	42.584	134.629	62.413	90.895	74.403	61.999	61.999	61.999	61.999	61.999	61.999	61.999	61.999	61.999	61.999	61.999	61.999	61.999	61.999	61.999	61.999
928	Melanesia	-21.08	-2.794	7.459	-3.149	-12.167	-33.697	-12.688	-74.881	-56.221	-70.368	-150.034	-0.939	-59.159	-39.895	-26.556	-18.023	-18.023	-18.023	-18.023	-18.023	-18.023	-18.023	-18.023	-18.023	-18.023	-18.023	-18.023	-18.023	-18.023	-18.023
242	Fiji	-7.225	-10.676	-3.455	-14.279	-15.145	-22.23	-12.677	-66.996	-33.803	-38.692	-58.598	-23.691	-51.95	-31.008	-17.069	-8.536	-8.536	-8.536	-8.536	-8.536	-8.536	-8.536	-8.536	-8.536	-8.536	-8.536	-8.536	-8.536	-8.536	-8.536
540	New Caledonia	-3.462	2.454	3.347	1.406	8.19	0.03	-3.292	-0.488	6.328	7.075	4	1.705	3.003	2.51	2.51	2.51	2.51	2.51	2.51	2.51	2.51	2.51	2.51	2.51	2.51	2.51	2.51	2.51	2.51	2.51
598	Papua New Guinea	-12.324	3.155	5.86	9.476	-6.419	-8.646	10.704	4.723	-21.116	-26.081	-84.417	38.578	-3.999	-3.999	-3.999	-3.999	-3.999	-3.999	-3.999	-3.999	-3.999	-3.999	-3.999	-3.999	-3.999	-3.999	-3.999	-3.999	-3.999	-3.999
90	Solomon Islands	2.826	3.152	2.359	1.461	0.431	-2.416	-3.42	-8.504	-6.682	-5.285	-8.445	-14.256	-7.998	-7.998	-7.998	-7.998	-7.998	-7.998	-7.998	-7.998	-7.998	-7.998	-7.998	-7.998	-7.998	-7.998	-7.998	-7.998	-7.998	-7.998
548	Vanuatu	-0.895	-0.879	-0.652	-1.213	0.776	-0.435	-4.003	-3.616	-0.948	-7.385	-2.574	-3.275	1.785	0.6	0	0	0	0	0	0	0	0	0	0	0	0	0	0	0	0
954	Micronesia	-5.175	-5.337	-2.96	-2.668	-10.674	-6.92	7.875	11.378	-13.242	-22.032	-34.811	-39.802	-22.922	-14.787	-11.778	-10.623	-10.623	-10.623	-10.623	-10.623	-10.623	-10.623	-10.623	-10.623	-10.623	-10.623	-10.623	-10.623	-10.623	-10.623
316	Guam	-3.842	-4.552	-2.905	-1.442	-2.131	-1.511	0.109	0.099	1.739	-4.116	-9.556	-9.776	-7.594	-2.532	-2.532	-2.532	-2.532	-2.532	-2.532	-2.532	-2.532	-2.532	-2.532	-2.532	-2.532	-2.532	-2.532	-2.532	-2.532	-2.532
296	Kiribati	-0.646	-0.766	-0.786	-0.917	-1.12	-2.342	-3.011	-0.664	-4.435	-2.801	-1.938	-0.295	-4.123	-3.999	-2.001	-2.001	-2.001	-2.001	-2.001	-2.001	-2.001	-2.001	-2.001	-2.001	-2.001	-2.001	-2.001	-2.001	-2.001	-2.001
583	Micronesia (Fed. States of)	0.456	0.447	0.454	0.429	-7.534	0.12	0.445	-1.902	-1.662	-12.788	-12.284	-12.278	-2.999	-2.999	-2.999	-2.999	-2.999	-2.999	-2.999	-2.999	-2.999	-2.999	-2.999	-2.999	-2.999	-2.999	-2.999	-2.999	-2.999	-2.999
957	Polynesia	-12.641	-18.096	-5.428	-10.952	-26.124	-28.754	-28.909	-34.337	-34.022	-29.815	-30.752	-46.514	-41.257	-29.822	-19.618	-17.143	-15.865	-15.094	-14.521	-14.081	-14.081	-14.081	-14.081	-14.081	-14.081	-14.081	-14.081	-14.081	-14.081	-14.081
258	French Polynesia	-1.286	-2.427	3.19	3.344	5.001	4.674	3.65	-0.359	-3.424	3.483	0.077	-9.019	-8.016	-5	-2.5	-1	-0.5	-0.5	-0.5	-0.5	-0.5	-0.5	-0.5	-0.5	-0.5	-0.5	-0.5	-0.5	-0.5	-0.5
882	Samoa	-4.981	-4.473	-3.402	-6.803	-14.914	-18.979	-18.695	-19.526	-13.998	-17.141	-15.641	-15.085	-12.189	-14.013	-7.599	-7.599	-7.599	-7.599	-7.599	-7.599	-7.599	-7.599	-7.599	-7.599	-7.599	-7.599	-7.599	-7.599	-7.599	-7.599
776	Tonga	-1.343	-4.686	0.424	-2.881	-7.485	-7.815	-12.375	-10.786	-10.98	-8.435	-7.835	-7.761	-12.992	-3.999	-3.999	-3.999	-3.999	-3.999	-3.999	-3.999	-3.999	-3.999	-3.999	-3.999	-3.999	-3.999	-3.999	-3.999	-3.999	-3.999
923	Eastern Europe	-170.984	-2054.472	-1002.267	-463.665	-243.662	442.542	782.518	-27.61	1447.939	1125.029	967.21	1842.57	1453.92	605.498	475.681	525.368	525.107	524.969	525.751	526.866	526.866	526.866	526.866	526.866	526.866	526.866	526.866	526.866	526.866	526.866
112	Belarus	-388.179	-164.536	-125.387	65.585	37.146	38.298	47.114	-23.021	-63.057	56.146	-6.382	63.933	72.123	43.648	14.998	14.998	14.998	14.998	14.998	14.998	14.998	14.998	14.998	14.998	14.998	14.998	14.998	14.998	14.998	14.998
100	Bulgaria	-100.895	-43.465	-1.437	-6.423	-43.396	-94.868	-22.346	-184.143	-356.464	-133.824	-85.5	-83.742	-24.472	-24.001	-24.001	-24.001	-24.001	-24.001	-24.001	-24.001	-24.001	-24.001	-24.001	-24.001	-24.001	-24.001	-24.001	-24.001	-24.001	-24.001
203	Czechia	59.997	-36.387	24.999	-129.099	9.999	9.999	-52.946	5.671	29.999	46.002	47.402	250.889	59.997	110.057	110.057	110.057	110.057	110.057	110.057	110.057	110.057	110.057	110.057	110.057	110.057	110.057	110.057	110.057	110.057	110.057
348	Hungary	24.754	-174.316	21.715	15.731	-24.419	13.04	-115.8	-91.554	99.98	78.562	61.589	25.15	29.999	29.999	29.999	29.999	29.999	29.999	29.999	29.999	29.999	29.999	29.999	29.999	29.999	29.999	29.999	29.999	29.999	29.999
616	Poland	0	-268.051	-62.544	-143.114	-170.903	-106.595	-119.193	-304.973	-159.999	-85.199	-183.471	-178.456	-320.806	-146.976	-50.002	-50.002	-50.002	-50.002	-50.002	-50.002	-50.002	-50.002	-50.002	-50.002	-50.002	-50.002	-50.002	-50.002	-50.002	-50.002
498	Republic of Moldova	90.096	141.57	100.89	74.449	55.824	-26.414	-9.185	-84.531	-131.953	-165.309	-12.079	-47.911	-7.02	-6.935	-6.935	-6.935	-6.935	-6.935	-6.935	-6.935	-6.935	-6.935	-6.935	-6.935	-6.935	-6.935	-6.935	-6.935	-6.935	-6.935
642	Romania	-2.001	-2.001	-2.001	-2.001	-2.001	-99.999	-200	-200	-520.001	-580.778	-468.204	-774.651	-300.001	-369.997	-74.999	-40.001	-40.001	-40.001	-40.001	-40.001	-40.001	-40.001	-40.001	-40.001	-40.001	-40.001	-40.001	-40.001	-40.001	-40.001
643	Russian Federation	32.795	-1202.955	-1387.844	-549.722	-296.861	614.394	1100.559	890.253	2490.121	2374.657	1778.101	2326.672	1800.6	912.279	451.565	466.254	485.993	485.855	486.637	487.752	487.752	487.752	487.752	487.752	487.752	487.752	487.752	487.752	487.752	487.752
703	Slovakia	68.523	17.987	-26.427	-57.838	-15.254	-9.696	-34.777	-35.312	-15.108	-2.964	1.199	-8.855	11.346	7.423	4.999	4.999	4.999	4.999	4.999	4.999	4.999	4.999	4.999	4.999	4.999	4.999	4.999	4.999	4.999	4.999
804	Ukraine	43.926	-322.318	455.769	268.767	206.203	104.383	189.092	0	74.421	-462.264	-165.445	269.541	132.154	50.001	20	20	0	0	0	0	0	0	0	0	0	0	0	0	0	0
924	Northern Europe	-598.684	-92.412	203.611	61.051	368.441	294.1	39.477	304.484	176.013	678.131	1298.372	2726.465	1611.447	1699.59	1147.2	1231.417	1289.952	1299.73	1301.064	1302.76	1302.76	1302.76	1302.76	1302.76	1302.76	1302.76	1302.76	1302.76	1302.76	1302.76
830	Channel Islands	2.186	2.251	2.934	3.88	4.25	1.726	5.38	6.085	1.17	2.291	1.513	5.97	3.57	6.754	4.178	4.178	4.178	4.178	4.178	4.178	4.178	4.178	4.178	4.178	4.178	4.178	4.178	4.178	4.178	4.178
208	Denmark	-18.28	-32.64	2.256	21.866	23.256	14.925	9.319	32.839	65.466	74.568	46.306	87.989	106.841	75.998	75.998	75.998	75.998	75.998	75.998	75.998	75.998	75.998	75.998	75.998	75.998	75.998	75.998	75.998	75.998	75.998
233	Estonia	36.999	26.899	43.228	41.204	30.581	30.51	25.9	15.497	-111.876	-1.197	-18.406	-15.151	-10.516	19.555	-4.999	-4.999	-4.999	-4.999	-4.999	-4.999	-4.999	-4.999	-4.999	-4.999	-4.999	-4.999	-4.999	-4.999	-4.999	-4.999
246	Finland	-32.54	-27.747	-64.984	-97.937	28.88	-29.377	26.181	18.268	47.223	22.154	31.935	57.558	81.416	70	70	70	70	70	70	70	70	70	70	70	70	70	70	70	70	70
352	Iceland	-0.413	0.323	-0.732	-2.757	-1.061	-3.929	0.26	0.646	-1.054	1.02	2.94	12.007	-2.163	1.9	1.9	1.9	1.9	1.9	1.9	1.9	1.9	1.9	1.9	1.9	1.9	1.9	1.9	1.9	1.9	1.9
372	Ireland	-170.354	-207.241	-105.837	-57.278	44.335	51.765	-60.929	-125.947	-15.374	84.879	201.467	197.285	-111.819	118.02	50.002	50.002	50.002	50.002	50.002	50.002	50.002	50.002	50.002	50.002	50.002	50.002	50.002	50.002	50.002	50.002
428	Latvia	28.718	66.97	79.651	70.78	54.668	36.327	30.762	41.91	-116.474	-46.601	-72.49	-86.594	-83.325	-74.186	-40.001	-20	-10.01	-5.001	-5.001	-5.001	-5.001	-5.001	-5.001	-5.001	-5.001	-5.001	-5.001	-5.001	-5.001	-5.001
440	Lithuania	-73.35	-24.501	24.715	26.314	37.782	38.815	43.804	36.863	-100.301	-93.925	-99.104	-150.93	-146.217	-163.902	-69.998	-29.999	-14.998	-9.999	-9.999	-9.999	-9.999	-9.999	-9.999	-9.999	-9.999	-9.999	-9.999	-9.999	-9.999	-9.999
578	Norway	-3.962	-9.438	-2.274	4.178	15.87	20.728	24.805	38.715	46.903	58.773	67.4	163.433	221.814	140	140	140	140	140	140	140	140	140	140	140	140	140	140	140	140	140
752	Sweden	52.052	47.266	80.351	130.98	18.798	88.567	29.799	134.569	156.46	58.47	141.723	262.453	253.958	200	150	150	150	150	150	150	150	150	150	150	150	150	150	150	150	150
826	United Kingdom	-415.028	69.966	143.068	-84.853	106.415	39.119	-97.495	98.758	205.443	513.361	992.223	2189.404	1300.231	1303.25	768.22	792.638	826.182	825.952	827.286	829.182	829.182	829.182	829.182	829.182	829.182	829.182	829.182	829.182	829.182	829.182
925	Southern Europe	-1170.242	-1718.532	-1432.888	-1553.988	73.879	700.081	270.126	-269.324	-197.293	65.634	4416.041	2681.977	425.216	643.23	662.487	625.822	689.556	683.755	587.518	491.297	491.297	491.297	491.297	491.297	491.297	491.297	491.297	491.297	491.297	491.297
8	Albania	-0.099	-0.099	-0.099	-0.099	-0.099	-0.099	-0.099	-0.099	-443.212	-179.606	-176.774	-217.358	-136.59	-69.998	-69.998	-55	-40	-40	-40	-40	-40	-40	-40	-40	-40	-40	-40	-40	-40	-40
70	Bosnia and Herzegovina	-50.002	-50.002	-50.002	-96.958	-82.247	-74.132	-29.999	-134.587	-740.715	-159.283	-6	-59.246	-258.529	-107.926	-2.506	-2.506	-2.506	-2.506	-2.506	-2.506	-2.506	-2.506	-2.506	-2.506	-2.506	-2.506	-2.506	-2.506	-2.506	-2.506
191	Croatia	-0.018	-0.018	1.854	-1.225	-18.403	18.681	54.369	26.145	-143.579	-188.129	-2.58	-10.499	-38.493	-40.004	-9.999	-9.999	-9.999	-9.999	-9.999	-9.999	-9.999	-9.999	-9.999	-9.999	-9.999	-9.999	-9.999	-9.999	-9.999	-9.999
300	Greece	-70.009	-201.529	-256.691	-187.126	20.771	297.368	100.241	178.887	459.178	297.431	113.586	-370.769	-161.799	-80	-40	20	50	50	50	50	50	50	50	50	50	50	50	50	50	50
380	Italy	-236.164	-554.545	-230.527	-231.781	19.396	164.927	264.799	-10.058	152.825	-298.237	1664.343	1050.948	1637.369	744.713	587.029	466.256	485.991	485.853	389.31	292.651	292.651	292.651	292.651	292.651	292.651	292.651	292.651	292.651	292.651	292.651
470	Malta	-29.215	-27.724	-11.71	-12.601	-9.682	-4.843	2.553	1.159	1.63	6.378	5.611	5.737	15.505	4.501	3.999	2.999	2.001	2.001	2.001	2.001	2.001	2.001	2.001	2.001	2.001	2.001	2.001	2.001	2.001	2.001
499	Montenegro	9.999	-2.001	-2.001	-53.773	-2.001	-7.401	-2.001	-29.965	-20.249	-21.588	-7.999	-0.683	-3.112	-2.4	-2.4	-2.4	-2.4	-2.4	-2.4	-2.4	-2.4	-2.4	-2.4	-2.4	-2.4	-2.4	-2.4	-2.4	-2.4	-2.4
807	North Macedonia	0	-44.94	-40.94	-28.981	-61.002	-14.749	-72.752	-98.818	-100.107	-4.999	-14.572	-7.399	-8.853	-4.999	-4.999	-4.999	-4.999	-4.999	-4.999	-4.999	-4.999	-4.999	-4.999	-4.999	-4.999	-4.999	-4.999	-4.999	-4.999	-4.999
620	Portugal	-307.374	-326.554	-545.329	-697.165	108.187	198.629	-66.894	-147.873	149.122	173.604	178.353	92.133	-140	-30.001	40	50.002	50.002	50.002	50.002	50.002	50.002	50.002	50.002	50.002	50.002	50.002	50.002	50.002	50.002	50.002
688	Serbia	35.206	-50.057	-88.14	-89.744	-20.651	7.68	-10.36	-27.488	178.348	-495.902	-276.331	-119.556	29.559	20	-50	-50	-50	-50	-50	-50	-50	-50	-50	-50	-50	-50	-50	-50	-50	-50
705	Slovenia	-20	-9.672	-22.059	-14.95	17.942	34.686	68.363	32.609	-17.461	1.487	14.998	39.348	16.571	9.999	9.999	9.999	9.999	9.999	9.999	9.999	9.999	9.999	9.999	9.999	9.999	9.999	9.999	9.999	9.999	9.999
724	Spain	-505.033	-455.026	-193.807	-145.936	96.99	76.903	-43.292	-67.68	319.27	931.072	2908.209	2273.848	-520.442	200	200	200	200	194.341	194.656	195.098	195.098	195.098	195.098	195.098	195.098	195.098	195.098	195.098	195.098	195.098
926	Western Europe	188.197	980.318	2440.805	1616.069	1628.426	592.281	485.965	2398.694	3542.239	1292.418	2497.335	1392.198	3399.738	3856.736	1584.866	1613.596	1653.353	1652.928	1654.981	1657.949	1657.949	1657.949	1657.949	1657.949	1657.949	1657.949	1657.949	1657.949	1657.949	1657.949
40	Austria	-77.999	-52.002	15.996	50.401	82.001	5.502	18.002	110.999	227.841	65.082	178.117	153.763	267.172	324.998	99.999	99.999	99.999	99.999	99.999	99.999	99.999	99.999	99.999	99.999	99.999	99.999	99.999	99.999	99.999	99.999
56	Belgium	53.71	46.636	38.304	47.288	70.98	73.523	18.478	42.556	106.947	50.87	219.56	294.27	258.672	240	119.998	119.998	119.998	119.998	119.998	119.998	119.998	119.998	119.998	119.998	119.998	119.998	119.998	119.998	119.998	119.998
250	France	214.483	830.406	1417.869	491.613	543.072	258.429	291.57	276.383	122.17	193.631	926.483	446.12	423.831	182.636	316.098	326.381	340.194	340.099	340.648	341.429	341.429	341.429	341.429	341.429	341.429	341.429	341.429	341.429	341.429	341.429
276	Germany	-42.001	39.829	669.314	871.265	701.731	228.894	0.023	1683.737	2628.459	715.944	824.445	43.087	1938.576	2719.112	722.502	746.007	777.578	777.362	778.616	780.4	780.4	780.4	780.4	780.4	780.4	780.4	780.4	780.4	780.4	780.4
442	Luxembourg	5.756	4.191	8.527	5.918	15.284	11.846	2.552	12.831	20.04	19.94	14.473	42.279	48.704	48.704	25.001	19.998	19.998	19.998	19.998	19.998	19.998	19.998	19.998	19.998	19.998	19.998	19.998	19.998	19.998	19.998
528	Netherlands	-84.929	-22.221	11.589	54.636	186.745	145.804	71.525	139.748	186.409	178.553	146.02	65.713	62.687	80	100	100	100	100	100	100	100	100	100	100	100	100	100	100	100	100
756	Switzerland	119.036	129.958	277.152	92.978	25.185	-135.365	81.04	130.857	247.406	65.218	186.125	344.872	397.267	259.999	200	200	194.396	194.34	194.654	195.099	195.099	195.099	195.099	195.099	195.099	195.099	195.099	195.099	195.099	195.099
124	Canada	555.781	564.799	178.691	611.117	758.104	420.633	373.939	859.217	690.555	783.535	1052.013	1326.431	1241.416	1210.159	1174.069	1212.268	1263.572	1263.223	1265.258	1268.158	1268.158	1268.158	1268.158	1268.158	1268.158	1268.158	1268.158	1268.158	1268.158	1268.158
840	United States of America	867.763	2124.893	1835.728	1556.054	2889.346	3770.881	3382.46	3366.853	4463.754	8859.954	5334.893	5428.756	4961.716	4774.029	4612.278	4911.552	5234.105	5312.327	5369.556	5406.26	5406.26	5406.26	5406.26	5406.26	5406.26	5406.26	5406.26	5406.26	5406.26	5406.26
