country_code	name	2025	2030	2035	2040	2045	2050	2055	2060	2065	2070	2075	2080	2085	2090	2095	2100
900	WORLD	8113912.16	8363452.531	8556281.333	8716309.55	8836426.116	8906797.099	8921766.4	8882879.799	8798353.19	8675770.145	8519467.311	8331396.788	8113441.407	7869840.228	7604765.476	7322116.481
901	More developed regions	1271709.963	1261102.963	1244675.429	1225548.894	1203918.555	1179538.534	1151778.428	1120578.271	1087220.394	1053456.925	1020302.353	988082.01	956561.851	925485.267	894608.029	863763.523
902	Less developed regions	6842202.197	7102349.568	7311605.904	7490760.656	7632507.561	7727258.565	7769987.972	7762301.528	7711132.796	7622313.22	7499164.958	7343314.778	7156879.556	6944354.961	6710157.447	6458352.958
941	Least developed countries	1171783.01	1284241.451	1394631.752	1505607.886	1614007.243	1716323.786	1810081.673	1894062.301	1967630.899	2030024.505	2080256.502	2117315.698	2140486.303	2149962.81	2146536.638	2131444.065
934	Less developed regions, excluding least developed countries	5670419.187	5818108.117	5916974.152	5985152.77	6018500.318	6010934.779	5959906.299	5868239.227	5743501.897	5592288.715	5418908.456	5225999.08	5016393.253	4794392.151	4563620.809	4326908.893
948	Less developed regions, excluding China	5363365.715	5633697.486	5866503.231	6077890.287	6260314.818	6404670.135	6505056.945	6560623.276	6575226.015	6552451.039	6494935.438	6404169.487	6281394.066	6129807.116	5953303.707	5757188.512
1636	Land-locked Developing Countries (LLDC)	589878.855	644364.15	696902.035	749202.421	799530.081	845837.469	886949.767	922304.649	951767.785	974988.02	991556.232	1001242.045	1003994.478	1000016.063	989747.834	973849.272
1637	Small Island Developing States (SIDS)	74760.123	76759.752	78082.442	79042.114	79556.082	79540.062	78954.331	77850.47	76308.432	74411.165	72188.656	69662.152	66834.237	63754.466	60504.71	57159.496
1503	High-income countries	1272790.605	1273138.848	1266466.691	1255481.801	1240290.517	1220804.11	1196851.48	1168559.548	1137350.752	1105009.531	1072509.679	1040133.492	1007722.081	975226.48	942738.661	910464.759
1517	Middle-income countries	5963188.058	6114974.003	6219062.442	6293389.296	6333239.316	6332060.164	6286707.773	6199876.889	6079035.969	5930782.366	5759456.73	5567636.251	5358031.624	5134921.409	4901890.172	4661703.658
1502	Upper-middle-income countries	2695886.974	2706110.276	2693312.579	2666353.513	2624806.164	2567075.868	2492748.358	2404040.386	2305142.873	2200133.911	2091409.616	1980255.66	1868215.906	1756977.463	1647273.827	1538324.578
1501	Lower-middle-income countries	3267301.084	3408863.727	3525749.863	3627035.783	3708433.152	3764984.296	3793959.415	3795836.503	3773893.096	3730648.455	3668047.114	3587380.591	3489815.718	3377943.946	3254616.345	3123379.08
1500	Low-income countries	874843.363	972121.895	1067426.684	1164021.187	1259407.436	1350393.717	1434639.703	1510866.403	1578394.028	1636419.734	1683964.35	1720122.228	1744227.742	1756292.796	1756813.567	1746715.601
1518	No income group available	3090.134	3217.785	3325.516	3417.266	3488.847	3539.108	3567.444	3576.959	3572.441	3558.514	3536.552	3504.817	3459.96	3399.543	3323.076	3232.463
903	Africa	1496047.378	1652182.407	1809199.126	1970114.179	2130156.693	2283857.433	2427514.877	2558940.671	2677214.779	2781161.683	2869350.557	2940039.322	2991565.388	3023506.938	3036276.516	3031039.731
935	Asia	4780520.727	4865092.51	4904007.044	4913018.856	4890122.856	4831588.734	4736220.663	4607332.176	4452211.7	4277432.092	4087511.228	3885576.66	3674770.636	3459251.337	3242207.747	3025760.67
908	Europe	740196.707	727323.377	711013.199	693615.973	675124.311	655065.006	632866.511	608500.784	582967.989	557636.132	533377.74	510490.832	488864.136	468148.88	447818.715	427503.7
904	Latin America and the Caribbean	675478.167	689579.876	697020.047	700228.342	698892.152	692750.707	681576.05	665570.781	645283.734	621426.872	594593.429	565253.163	533923.009	501210.405	467781.284	434339.4
905	Northern America	376714.002	382360.181	386434.772	389184.109	390590.885	390782.659	389847.71	388050.021	385670.982	382780.618	379153.184	374590.173	369086.274	362846.12	356278.289	349670.906
909	Oceania	44955.179	46914.18	48607.145	50148.091	51539.219	52752.56	53740.589	54485.366	55004.006	55332.748	55481.173	55446.638	55231.964	54876.548	54402.925	53802.074
947	SUB-SAHARAN AFRICA	1230637.194	1370019.451	1511591.264	1657219.423	1802853.801	1943913.068	2077294.854	2200880.009	2313601.714	2414115.569	2500837.491	2571896.352	2625595.045	2661529.395	2680199.403	2682767.005
910	Eastern Africa	500777.269	556848.905	612718.505	669123.911	724626.041	777518.567	826501.033	870864.605	910263.611	944262.429	972348.507	993983.793	1008848.364	1016914.004	1018538.928	1014298.018
108	Burundi	13653.606	15459.603	17325.51	19302.7	21359.874	23438.801	25472.96	27416.988	29240.26	30936.678	32504.754	33914.942	35144.456	36162.717	36944.981	37491.393
174	Comoros	956.745	1040.18	1120.494	1200.208	1277.015	1347.646	1409.032	1460.429	1501.588	1533.035	1554.093	1563.914	1562.439	1549.575	1526.376	1494.261
262	Djibouti	1046.549	1091.612	1124.921	1151.184	1170.803	1183.149	1185.712	1177.002	1158.004	1131.032	1098.724	1062.829	1023.958	982.268	938.206	892.638
232	Eritrea	3832.39	4145.605	4481.837	4831.297	5171.053	5477.519	5742.151	5967.903	6156.976	6307.332	6411.93	6466.512	6469.63	6422.806	6331.106	6200.378
231	Ethiopia	128582.21	141628.952	153903.993	165777.038	177055.986	187298.65	196191.752	203500.46	209207.122	213276.898	215611.507	216224.484	215127.153	212418.356	208318.891	203042.049
404	Kenya	59405.056	64829.21	69961.157	74820.71	79228.531	83031.244	86164.747	88597.627	90337.056	91374.5	91709.446	91349.818	90316.495	88669.572	86500.845	83919.218
450	Madagascar	31216.566	34792.988	38366.809	42030.874	45703.564	49295.458	52712.021	55900.321	58845.084	61517.199	63865.464	65826.498	67366.696	68488.441	69190.623	69482.33
454	Malawi	21650.232	24252.24	26868.286	29517.895	32121.14	34599.592	36918.178	39030.975	40915.666	42530.895	43838.762	44816.236	45457.438	45763.379	45745.431	45432.109
480	Mauritius	1265.057	1244.389	1212.92	1174.435	1129.226	1078.725	1024.311	967.303	908.758	849.547	789.903	729.602	669.062	609.278	552.087	499.629
175	Mayotte	304.124	335.062	365.788	396.399	425.586	452.176	475.523	495.435	511.987	525.209	535.068	541.454	544.109	542.788	537.355	527.942
508	Mozambique	35669.616	40278.586	45022.117	49949.271	54901.609	59745.905	64374.233	68736.771	72764.925	76392.713	79571.732	82223.553	84306.499	85796.056	86714.024	87072.389
638	Reunion	919.33	935.179	943.215	944.702	938.436	924.026	902.258	875.176	844.998	813.406	780.871	746.66	709.788	669.455	625.777	579.589
646	Rwanda	14445.927	15867.816	17225.261	18566.227	19860.573	21045.832	22076.881	22920.556	23573.08	24038.636	24323.941	24433.561	24369.526	24131.095	23720.385	23153.042
690	Seychelles	99.996	100.497	100.213	99.371	97.798	95.352	92.088	88.291	84.241	80.112	75.944	71.726	67.421	62.958	58.29	53.418
706	Somalia	18234.39	20777.794	23466.538	26313.919	29281.214	32331.931	35400.929	38422.281	41341.652	44111.455	46671.9	48985.033	50995.754	52678.878	54014.61	54977.721
728	South Sudan	12353.246	13544.544	14766.312	15994.147	17199.471	18331.836	19352.889	20251.56	21027.828	21671.43	22165.642	22489.244	22632.644	22601.53	22420.592	22106.835
800	Uganda	51830.722	58099.022	64273.777	70352.493	76143.743	81464.016	86183.538	90231.556	93528.501	96033.699	97724.5	98561.276	98530.274	97671.193	96056.569	93794.984
834	United Republic of Tanzania	68347.694	77474.919	87123.561	97395.162	108052.912	118863.044	129581.452	140159.961	150514.903	160520.307	170036.444	178852.737	186842.085	193872.004	199858.14	204825.485
894	Zambia	21008.453	23784.938	26674.125	29699.729	32791.307	35869.156	38893.051	41826.831	44653.345	47326.902	49815.952	52081.77	54090.831	55804.298	57215.453	58327.136
716	Zimbabwe	15955.36	17165.769	18391.671	19606.15	20716.2	21644.509	22347.327	22837.179	23147.637	23291.444	23261.93	23041.944	22622.106	22017.357	21269.187	20425.472
911	Middle Africa	205887.61	233417.42	262125.55	292176.85	322742.995	352880.437	382008.914	409761.369	435803.313	459770.556	481262.64	499796.545	514861.342	526388.109	534361.763	538909.999
24	Angola	38165.346	43925.317	50159.026	56921.072	64097.489	71514.179	79062.355	86669.002	94271.887	101763.13	109058.213	116016.103	122497.367	128477.537	133872.318	138608.214
120	Cameroon	29774.655	33043.08	36340.702	39737.338	43137.42	46451.243	49580.339	52477.969	55111.399	57465.315	59524.245	61246.81	62589.569	63549.182	64109.104	64321.581
140	Central African Republic	5292.48	5811.227	6325.244	6815.687	7263.561	7661.977	8004.882	8287.747	8504.985	8647.339	8707.57	8683.783	8580.16	8408.329	8179.989	7906.094
148	Chad	18808.975	21257.227	23757.163	26325.607	28903.075	31417.636	33825.288	36089.413	38167.903	40024.305	41627.509	42947.192	43950.663	44625.01	44970.107	45001.523
178	Congo	6181.993	6869.848	7581.284	8323.764	9074.654	9811.483	10523.326	11206.466	11861.885	12480.391	13057.835	13574.789	14017.738	14379.885	14660.899	14867.911
180	Democratic Republic of the Congo	103334.772	117727.762	132752.96	148416.619	164213.933	179582.238	194220.997	207938.113	220544.329	231850.436	241594.059	249525.136	255359.435	259065.842	260721.795	260437.145
226	Equatorial Guinea	1623.839	1834.836	2030.644	2227.426	2414.973	2586.996	2743.19	2880.27	2994.679	3083.915	3147.792	3187.484	3205.163	3203.037	3182.853	3147.092
266	Gabon	2466.05	2685.756	2892.409	3098.476	3302.003	3494.156	3664.556	3806.551	3920.236	4011.369	4084.759	4140.735	4175.722	4186.034	4167.14	4121.901
678	Sao Tome and Principe	239.5	262.367	286.118	310.861	335.887	360.529	383.981	405.838	426.01	444.356	460.658	474.513	485.525	493.253	497.558	498.538
913	Southern Africa	70899.298	73520.689	75532.451	77140.869	78260.066	78784.289	78649.597	77882.243	76577.204	74844.181	72784.592	70473.858	67939.887	65198.898	62289.125	59294.904
72	Botswana	2543.073	2707.586	2851.411	2983.379	3096.181	3181.957	3237.669	3263.303	3262.839	3240.259	3198.301	3139.201	3063.517	2972.564	2868.819	2755.997
748	Eswatini	1211.35	1264.358	1338.856	1412.395	1478.491	1531.322	1569.136	1592.635	1603.105	1601.691	1588.981	1565.956	1533.191	1491.787	1443.189	1390.212
426	Lesotho	2206.013	2268.539	2316.275	2356.962	2385.376	2396.166	2386.981	2357.73	2309.598	2243.909	2163.441	2070.188	1964.669	1849.059	1725.188	1595.478
516	Namibia	2747.384	2937.967	3116.981	3293.364	3460.446	3608.855	3727.866	3814.011	3870.764	3899.858	3903.793	3883.433	3837.662	3767.831	3676.128	3565.884
710	South Africa	62191.478	64342.239	65908.928	67094.769	67839.572	68065.989	67727.945	66854.564	65530.898	63858.464	61930.076	59815.08	57540.848	55117.657	52575.801	49987.333
914	Western Africa	453073.017	506232.437	561214.758	618777.793	677224.699	734729.775	790135.31	842371.792	890957.586	935238.403	974441.752	1007642.156	1033945.452	1053028.384	1065009.587	1070264.084
204	Benin	13707.052	15345.932	17033.771	18797.805	20592.153	22365.611	24076.246	25709.513	27251.292	28692.392	29996.929	31129.344	32078.227	32835.574	33398.971	33768.522
854	Burkina Faso	23798.464	26838.707	30002.521	33315.029	36673.296	39976.992	43131.727	46117.285	48914.275	51471.842	53750.039	55675.74	57215.39	58348.9	59083.269	59428.629
132	Cabo Verde	578.575	595.245	606.771	614.647	617.873	615.64	607.431	593.628	574.744	551.622	525.04	496.25	466.394	436.214	405.923	375.437
384	Cote d'Ivoire	29630.929	32988.132	36399.174	39939.765	43529.596	47079.433	50510.157	53756.783	56778.065	59542.26	62017.124	64163.132	65935.692	67311.939	68300.932	68903.028
270	Gambia	2757.35	3105.673	3456.128	3812.827	4165.601	4503.726	4816.083	5095.832	5339.643	5544.117	5709.407	5832.985	5911.846	5943.781	5929.291	5873.573
288	Ghana	34109.318	37005.771	39777.277	42519.007	45167.732	47631.12	49817.241	51678.96	53221.952	54454.517	55393.552	55991.127	56225.716	56082.728	55604.994	54829.69
324	Guinea	14872.73	16648.412	18434.098	20250.921	22053.607	23803.065	25454.592	26965.921	28314.132	29472.656	30423.077	31150.271	31646.463	31930.132	31995.139	31866.208
624	Guinea-Bissau	2190.104	2407.38	2621.684	2838.339	3053.003	3256.365	3442.125	3605.386	3745.3	3860.28	3950.242	4012.969	4047.278	4051.607	4027.864	3979.66
430	Liberia	5642.397	6230.472	6815.76	7405.123	7979.228	8520.687	9019.961	9469.319	9863.548	10196.069	10462.231	10652.808	10765.417	10798.736	10759.786	10654.086
466	Mali	23232.932	26426.735	29774.291	33274.162	36780.378	40196.249	43452.405	46488.728	49273.799	51757.493	53855.536	55533.129	56733.449	57437.285	57665.614	57458.894
478	Mauritania	5247.811	5846.126	6449.698	7075.065	7709.226	8337.196	8942.009	9511.476	10042.041	10535.978	10988.532	11396.617	11749.601	12039.774	12267.082	12430.573
562	Niger	28911.333	34209.241	40108.437	46638.441	53658.763	61010.103	68551.859	76141.855	83674.514	91013.197	98008.522	104514.512	110425.391	115659.743	120099.645	123707.042
566	Nigeria	231531.182	257858.528	285122.986	313685.841	342648.058	371001.498	398297.949	423930.941	447688.406	469232.105	488187.255	504068.946	516328.838	524827.019	529708.389	531218.463
686	Senegal	18901.136	21096.108	23351.633	25727.128	28154.783	30561.31	32878.515	35080.868	37142.987	39065.609	40820.804	42389.806	43724.515	44792.178	45578.002	46093.431
694	Sierra Leone	8728.084	9430.698	10084.19	10706.986	11277.795	11767.094	12157.214	12441.574	12620.165	12690.863	12651.461	12504.013	12255.003	11916.653	11503.654	11037.202
768	Togo	9227.522	10193.228	11170.402	12170.939	13158.041	14098.351	14974.705	15778.884	16508.138	17153.076	17697.915	18126.659	18432.625	18612.745	18677.898	18636.734
1833	NORTHERN AFRICA AND WESTERN ASIA	563892.317	595484.347	622677.574	648174.026	670923.246	689481.153	702936.617	710994.963	713984.267	712529.821	707274.223	698654.642	686846.214	671884.805	653785.129	632742.209
912	Northern Africa	265410.184	282162.956	297607.862	312894.756	327302.892	339944.365	350220.023	358060.662	363613.065	367046.114	368513.066	368142.97	365970.343	361977.543	356077.113	348272.726
12	Algeria	46977.419	49311.381	51149.845	52880.148	54543.068	55969.644	56931.961	57311.024	57154.07	56588.498	55762.149	54767.645	53628.903	52324.101	50782.978	48936.348
818	Egypt	110732.823	118155.118	125335.76	132708.741	139655.227	145651.251	150506.751	154348.098	157297.52	159322.456	160381.585	160510.258	159741.028	158078.296	155488.699	151976.13
434	Libya	7198.533	7427.974	7580.736	7693.223	7759.377	7761.238	7680.846	7518.162	7292.925	7033.166	6759.872	6480.033	6188.868	5879.578	5548.832	5201.957
504	Morocco	38659.717	39973.031	40910.355	41601.713	42021.712	42144.199	41952.364	41440.807	40623.347	39527.657	38194.372	36670.21	34999.346	33213.508	31311.637	29298.374
729	Sudan	48942.566	54094.197	59257.537	64523.26	69773.426	74880.201	79724.871	84245.104	88370.178	92089.62	95362.297	98118.726	100290.198	101852.2	102831.783	103291.35
788	Tunisia	12237.141	12481.036	12601.667	12667.914	12686.863	12636.192	12489.421	12238.245	11896.569	11492.09	11049.791	10585.798	10107.315	9613.605	9098.132	8557.183
732	Western Sahara	661.985	720.219	771.962	819.757	863.219	901.64	933.809	959.222	978.456	992.627	1003	1010.3	1014.685	1016.255	1015.052	1011.384
922	Western Asia	298482.133	313321.391	325069.712	335279.27	343620.354	349536.788	352716.594	352934.301	350371.202	345483.707	338761.157	330511.672	320875.871	309907.262	297708.016	284469.483
51	Armenia	2951.54	2905.125	2835.95	2757.17	2670.645	2573.147	2461.942	2336.857	2199.976	2054.681	1905.233	1756.697	1612.896	1474.943	1340.317	1206.529
31	Azerbaijan	10407.272	10518.638	10533.568	10479.789	10329.503	10081.609	9759.003	9382.165	8962.204	8505.444	8023.829	7536.174	7061.408	6603.517	6153.098	5702.743
48	Bahrain	1850.461	1974.021	2047.248	2096.071	2129.079	2146.51	2148.951	2137.296	2112.458	2075.419	2026.641	1965.904	1893.2	1809.518	1718.54	1626.689
196	Cyprus	1233.575	1246.989	1252.553	1255.079	1253.305	1245.347	1229.573	1206.14	1177.01	1144.294	1109.046	1072.009	1034.058	996.127	959.58	925.471
268	Georgia	3899.59	3779.286	3643.041	3504.025	3360.06	3206.867	3042.236	2867.552	2686.728	2504.141	2322.419	2143.03	1966.143	1790.722	1614.148	1434.443
368	Iraq	44771.278	49032.258	53149.847	57235.448	61113.057	64625.487	67683.101	70274.188	72392.967	74033.484	75178.85	75798.733	75892.22	75474.222	74601.008	73324.798
376	Israel	9246.482	9784.204	10288.183	10790.535	11285.683	11751.744	12163.146	12502.581	12772.494	12986.264	13159.46	13291.703	13373.438	13391.385	13338.581	13214.485
400	Jordan	10238.131	10386.634	10738.18	11174.346	11510.406	11723.571	11814.267	11798.274	11691.896	11504.903	11243.203	10907.194	10498.533	10024.86	9499.764	8939.978
414	Kuwait	4487.386	4665.265	4804.505	4917.608	4983.26	4983.522	4931.625	4853.525	4779.755	4732.435	4710.959	4696.014	4661.964	4596.385	4506.215	4407.322
422	Lebanon	6330.414	6034.009	5976.386	6013.601	6005.517	5954.368	5857.798	5715.742	5532.615	5315.713	5071.919	4807.072	4526.953	4237.556	3945.83	3658.136
512	Oman	5532.589	5831.722	6012.174	6167.59	6305.932	6440.06	6533.872	6569.14	6540.065	6452.678	6318.544	6148.941	5952.504	5737.261	5512.025	5277.973
634	Qatar	3103.185	3277.567	3408.847	3499.59	3574.054	3630.325	3665.065	3675.868	3664.117	3634.096	3590.162	3534.694	3468.956	3397.449	3326.498	3261.688
682	Saudi Arabia	36925.595	38493.108	39613.751	40358.145	40835.374	40989.599	40732.954	40056.591	39024.575	37768.466	36406.574	34997.509	33552.552	32056.227	30496.245	28879.403
275	State of Palestine	5664.597	6192.26	6689.918	7172.892	7625.96	8031.676	8374.867	8651.444	8859.295	8998.596	9066.677	9063.67	8990.806	8853.433	8656.348	8404.644
760	Syrian Arab Republic	22860.337	26111.241	27537.217	28591.095	29539.598	30298.916	30755.143	30846.967	30580.801	30027.3	29280.331	28422.706	27503.727	26522.955	25431.425	24182.375
792	Turkey	85913.698	87111.655	88260.145	88972.619	89152.744	88728.836	87578.66	85657.285	83059.917	79967.012	76522.582	72816.614	68882.495	64742.045	60438.665	56047.785
784	United Arab Emirates	10231.698	10420.509	10273.428	10041.13	9762.028	9433.626	9270.692	9199.508	9153.094	9104.537	9077.412	9081.316	9107.688	9137.237	9150.327	9136.621
887	Yemen	32834.305	35556.9	38004.771	40252.537	42184.149	43691.578	44713.699	45203.178	45181.235	44674.244	43747.316	42471.692	40896.33	39061.42	37019.402	34838.4
921	CENTRAL AND SOUTHERN ASIA	2106170.104	2174012.893	2220808.612	2253251.641	2269573.816	2267434.04	2245348.066	2204090.421	2146491.853	2074983.788	1991718.152	1898753.209	1798170.898	1692569.708	1584139.433	1475391.999
5500	Central Asia	78693.171	81971.577	84748.271	87412.328	89606.584	90962.483	91473.883	91316.16	90627.657	89426.042	87733.668	85627.192	83196.43	80471.192	77414.738	74004.293
398	Kazakhstan	19624.993	20218.65	20714.266	21209.798	21640.298	21926.764	22039.22	22002.837	21861.156	21638.823	21343.553	20977.392	20545.597	20042.934	19449.419	18742.639
417	Kyrgyzstan	6946.162	7279.362	7567.24	7847.485	8098.159	8290.386	8411.108	8460.492	8449.781	8390.94	8291.524	8153.271	7972.063	7743.863	7470.92	7160.338
762	Tajikistan	10466.018	11296.236	12144.533	13065.492	13941.589	14669.791	15283.241	15834.735	16327.04	16699.91	16928.686	17033.795	17041.664	16954.044	16749.284	16415.493
795	Turkmenistan	6378.516	6629.746	6823.633	6998.108	7139.135	7217.44	7219.21	7151.471	7033.966	6881.729	6700.206	6488.574	6248.343	5981.757	5691.641	5384.34
860	Uzbekistan	35277.482	36547.583	37498.599	38291.445	38787.403	38858.102	38521.104	37866.625	36955.714	35814.64	34469.699	32974.16	31388.763	29748.594	28053.474	26301.483
5501	Southern Asia	2027476.933	2092041.316	2136060.341	2165839.313	2179967.232	2176471.557	2153874.183	2112774.261	2055864.196	1985557.746	1903984.484	1813126.017	1714974.468	1612098.516	1506724.695	1401387.706
4	Afghanistan	43153.871	47004.863	50486.794	53694.355	56513.303	58806.301	60499.926	61554.704	61969.873	61758.254	60932.816	59518.802	57555.559	55122.096	52330.335	49302.657
50	Bangladesh	170613.808	174367.811	176270.799	176833.633	175891.978	173337.329	169155.176	163525.071	156653.412	148734.772	139928.972	130380.012	120251.253	109737.095	99085.653	88538.725
64	Bhutan	802.359	821.7	831.195	834.538	832.481	824.569	809.498	786.57	756.375	719.941	678.438	633.046	585.185	536.22	487.711	440.767
356	India	1431429.051	1467777.016	1489842.318	1501251.159	1501197.693	1489055.409	1464272.734	1427708.728	1381337.263	1326838.611	1265630.032	1199083.854	1128575.699	1055962.211	982876.207	911186.501
364	Iran (Islamic Republic of)	87940.269	90593.637	92290.521	93503.023	94259.185	94465.717	93892.769	92309.242	89738.75	86448.796	82792.883	79096.094	75550.441	72150.242	68692.747	64995.894
462	Maldives	517.62	508.338	519.352	529.33	537.473	541.168	538.183	528.076	511.832	490.546	465.216	437.07	407.864	379.948	354.833	332.045
524	Nepal	31378.31	32415.26	32628.997	32560.676	32209.896	31564.154	30619	29386.259	27897.053	26159.404	24182.562	21999.35	19674.451	17298.782	14960.115	12720.937
586	Pakistan	240045.249	257004.097	271866.526	285659.063	298043.167	308051.609	315083.409	318927.227	319997.354	318511.637	314629.129	308423.849	300049.771	289861.836	278202.931	265477.496
144	Sri Lanka	21596.396	21548.594	21323.839	20973.536	20482.056	19825.301	19003.488	18048.384	17002.284	15895.785	14744.436	13553.94	12324.245	11050.086	9734.163	8392.684
1832	EASTERN AND SOUTH-EASTERN ASIA	2375868.49	2377758.226	2358128.72	2324487.945	2276928.686	2214617.906	2138156.003	2050307.454	1955348.645	1856964.597	1757031.919	1656311.779	1555723.867	1456774.367	1360360.298	1265899.188
906	Eastern Asia	1682472.19	1667216.882	1637320.175	1598060.755	1549898.227	1492479.388	1426513.195	1354262.07	1279025.613	1203535.252	1128934.645	1055614.321	984288.534	916096.721	851414.848	789028.407
156	China	1446703.145	1436585.898	1413472.508	1381915.254	1342146.35	1293619.069	1237153.421	1175179.597	1110745.381	1046063.098	981785.407	918005.044	855540.994	795668.094	738919.075	684049.526
344	China, Hong Kong SAR	7682.829	7842.121	7831.932	7757.431	7630.822	7466.523	7280.31	7076.006	6858.144	6631.725	6397.88	6166.588	5951.277	5766.316	5612.343	5489.163
446	China, Macao SAR	687.326	716.43	738.082	755.523	769.343	779.178	784.422	785.638	784.009	780.901	776.298	770.489	763.705	758.893	758.344	761.173
158	China, Taiwan Province of China	23763.182	23507.633	23060.151	22442.161	21646.228	20723.66	19712.874	18637.011	17519.247	16386.457	15269.935	14203.17	13229.514	12354.542	11563.978	10864.584
408	Dem. People's Republic of Korea	26042.196	26051.118	25807.176	25410.172	24891.493	24258.244	23483.043	22590.414	21638.995	20668.865	19691.525	18694.482	17661.802	16603.768	15539.294	14495.535
392	Japan	123174.596	118750.549	113714.145	108505.14	103317.151	98249.414	93181.899	87833.203	82185.888	76520.633	71192.234	66430.524	62110.171	58088.477	54231.597	50480.088
496	Mongolia	3482.491	3634.936	3757.36	3870.016	3970.357	4051.452	4102.657	4118.546	4103.505	4068.644	4021.756	3966.285	3901.014	3821.087	3721.228	3599.125
410	Republic of Korea	50936.425	50128.197	48938.821	47405.058	45526.483	43331.848	40814.569	38041.655	35190.444	32414.929	29799.61	27377.739	25130.057	23035.544	21068.989	19289.213
920	South-Eastern Asia	693396.3	710541.344	720808.545	726427.19	727030.459	722138.518	711642.808	696045.384	676323.032	653429.345	628097.274	600697.458	571435.333	540677.646	508945.45	476870.781
96	Brunei Darussalam	451.981	460.227	463.021	462.177	457.841	449.693	437.16	420.555	400.866	379.47	357.442	335.391	313.433	291.589	269.861	248.473
116	Cambodia	17625.441	18309.294	18836.182	19276.034	19564.37	19655.918	19544.604	19261.153	18824.61	18234.384	17505.587	16671.297	15764.4	14810.763	13817.33	12792.481
360	Indonesia	284484.013	292351.347	297514.284	300827.118	301970.745	300641.739	296903.392	291085.722	283658.319	275022.638	265444.417	255002.271	243675.035	231511.08	218692.455	205494.392
418	Lao People's Democratic Republic	7695.966	8017.853	8250.547	8422.919	8520.941	8530.535	8447.513	8279.783	8036.267	7724.694	7353.497	6933.841	6477.245	5994.368	5494.922	4989.837
458	Malaysia	34007.814	35204.149	36006.867	36544.211	36863.797	36982.935	36872.656	36487.562	35825.782	34919.974	33820.917	32577.937	31241.642	29856.397	28452.029	27049.881
104	Myanmar	55987.196	57046.291	57509.634	57528.186	57092.521	56207.043	54907.692	53256.797	51318.572	49152.017	46795.41	44277.318	41641.754	38958.827	36307.471	33754.935
608	Philippines	115727.519	120725.215	124645.507	127705.083	129795.739	130852.278	130839.061	129804.318	127825.482	124982.877	121357.44	117012.327	112035.15	106555.986	100717.246	94667.879
702	Singapore	6028.891	6137.525	6176.116	6156.971	6082.409	5961.291	5804.465	5624.538	5431.933	5235.094	5039.334	4850.141	4669.661	4500.146	4346.335	4215.386
764	Thailand	69761.484	68903.423	67420.164	65539.073	63222.376	60483.428	57376.488	54018.128	50580.114	47197.29	43943.765	40802.01	37722.986	34691.33	31741.217	28955.302
626	Timor-Leste	1433.567	1537.677	1627.568	1707.318	1777.156	1837.267	1883.3	1912.003	1922.136	1913.919	1888.396	1846.411	1789.257	1718.452	1636.42	1545.616
704	Viet Nam	100192.428	101848.343	102358.655	102258.1	101682.564	100536.391	98626.477	95894.825	92498.951	88666.988	84591.069	80388.514	76104.77	71788.708	67470.164	63156.599
915	Caribbean	44414.994	44811.557	44754.146	44488.109	43953.76	43102.022	41916.632	40445.556	38755.51	36913.778	34945.128	32864.295	30673.13	28403.387	26101.835	23801.313
28	Antigua and Barbuda	100.812	102.53	103.225	103.246	102.595	101.178	98.981	96.173	92.974	89.56	85.979	82.219	78.24	74.101	69.876	65.624
533	Aruba	107.906	107.992	107.033	105.215	102.63	99.631	96.578	93.617	90.78	87.991	85.104	81.955	78.499	74.807	71.067	67.45
44	Bahamas	406.977	416.393	421.707	424.24	423.838	420.398	414.319	406.367	397.015	386.595	375.169	362.685	349.26	335.262	321.355	308.126
52	Barbados	286.504	283.536	278.623	272.164	264.038	254.422	243.633	232.131	220.316	208.464	196.622	184.774	172.776	160.709	148.741	137.134
192	Cuba	11172.978	10931.866	10620.378	10257.618	9835.005	9346.996	8799.778	8219.508	7636.669	7080.085	6548.614	6032.847	5516.086	5008.122	4526.059	4068.365
531	Curacao	166.417	167.362	167.114	166.12	164.346	161.836	158.735	155.383	152.014	148.736	145.335	141.628	137.418	132.782	127.874	122.952
214	Dominican Republic	11237.151	11486.098	11622.015	11685.522	11665.798	11550.549	11337.3	11037.958	10664.244	10227.037	9730.71	9180.972	8584.071	7949.716	7290.295	6617.875
308	Grenada	113.557	113.117	111.748	109.925	107.665	104.73	100.985	96.486	91.375	85.828	79.943	73.894	67.808	61.788	55.83	49.933
312	Guadeloupe	396.546	392.858	387.075	378.709	368.019	355.713	341.844	327.556	313.723	300.908	288.949	277.284	265.08	251.618	236.724	220.542
332	Haiti	11974.291	12429.457	12792.748	13113.866	13355.837	13498.59	13515.709	13402.768	13168.799	12830.362	12403.214	11903.12	11341.647	10729.829	10081.773	9413.013
388	Jamaica	2986.199	2974.105	2930.835	2866.707	2781.387	2674.259	2545.703	2397.608	2233.383	2056.457	1869.172	1674.554	1476.459	1278.993	1085.538	897.651
474	Martinique	369.327	361.171	351.017	338.678	323.451	305.932	287.192	268.385	250.611	234.489	219.72	205.551	191.07	175.876	160.054	143.766
630	Puerto Rico	2886.663	2849.223	2698.419	2548.735	2398.505	2236.864	2067.149	1894.897	1725.233	1560.55	1401.99	1248.837	1099.092	950.205	801.072	653.819
662	Saint Lucia	185.079	184.149	181.326	177.324	172.123	165.679	158.059	149.476	140.276	130.653	120.707	110.512	100.277	90.373	81.138	72.756
670	Saint Vincent and the Grenadines	111.234	110.376	108.494	105.917	102.599	98.547	93.855	88.696	83.211	77.487	71.578	65.508	59.333	53.124	47.05	41.215
780	Trinidad and Tobago	1400.891	1383.799	1354.368	1318.485	1275.687	1225.072	1166.994	1103.088	1035.203	965.134	895.193	827.453	762.795	700.676	639.971	580.572
850	United States Virgin Islands	102.23	98.821	94.54	89.723	84.455	78.859	73.036	67.096	61.202	55.421	49.702	43.911	37.89	31.62	25.312	20.013
916	Central America	187724.554	193693.214	197905.721	200887.754	202456.143	202451.617	200799.478	197619.644	193110.918	187441.686	180719.445	173025.776	164426.756	155101.632	145281.05	135235.234
84	Belize	429.131	455.373	476.502	493.969	507.206	515.804	520.219	520.545	517.125	510.201	499.954	486.489	470.145	451.53	431.367	410.414
188	Costa Rica	5253.4	5343.779	5382.547	5386.762	5352.113	5277.529	5163.165	5011.51	4829.787	4624.264	4396.793	4149.563	3889.397	3626.14	3368.026	3119.629
222	El Salvador	6571.943	6597.117	6555.234	6488.551	6376.686	6216.814	6007.988	5752.397	5454.632	5119.049	4747.621	4340.704	3903.041	3446.106	2984.908	2531.032
320	Guatemala	19384.768	20677.266	21803.575	22814.98	23686.675	24386.728	24898.901	25209.45	25314.715	25214.982	24914.382	24419.401	23737.863	22894.868	21916.218	20841.787
340	Honduras	10581.267	11152.917	11615.971	12004.956	12305.008	12508.607	12605.806	12598.943	12488.829	12281.761	11980.092	11591.251	11121.732	10585.083	9999.54	9388.203
484	Mexico	133971.232	137439.628	139660.14	140975.985	141285.231	140487.128	138540.707	135565.511	131742.997	127214.759	122069.021	116361.116	110120.891	103455.087	96517.79	89490.249
558	Nicaragua	6938.99	7210.762	7415.663	7576.177	7682.21	7723.381	7695.326	7601.755	7446.654	7234.554	6970.447	6661.51	6316.287	5943.872	5549.977	5140.628
591	Panama	4593.823	4816.372	4996.089	5146.374	5261.014	5335.626	5367.366	5359.533	5316.179	5242.116	5141.135	5015.742	4867.4	4698.946	4513.224	4313.292
931	South America	443338.619	451075.105	454360.18	454852.479	452482.249	447197.068	438859.94	427505.581	413417.306	397071.408	378928.856	359363.092	338823.123	317705.386	296398.399	275302.853
32	Argentina	46771.392	47950.612	48784.435	49424.023	49825.375	49970.333	49835.37	49390.096	48636.613	47604.584	46345.439	44888.784	43268.051	41500.599	39607.507	37624.352
68	Bolivia (Plurinational State of)	12351.757	12926.394	13399.822	13814.274	14148.818	14390.337	14523.83	14549.795	14469.071	14289.693	14019.368	13662.103	13225.425	12716.21	12147.295	11534.382
76	Brazil	216974.889	218636.818	218149.143	216295.806	213088.381	208556.615	202640.018	195343.553	186834.906	177385.995	167262.477	156694.266	145933.27	135179.635	124607.519	114395.21
152	Chile	19067.297	19019.665	19122.651	19086.837	18908.56	18599.54	18171.74	17625.727	16982.629	16275.882	15523.886	14734.758	13922.14	13099.361	12284.811	11495.107
170	Colombia	51500.272	52125.43	52309.51	52165.226	51679.167	50840.584	49631.036	48080.093	46220.657	44107.852	41774.8	39247.516	36572.624	33818.252	31065.567	28392.269
218	Ecuador	18561.932	19347.873	19987.592	20526.412	20928.377	21171.254	21248.158	21169.474	20939.517	20571.637	20074.284	19456.93	18730.601	17916.084	17031.66	16101.114
254	French Guiana	334.559	369.459	403.643	437.585	470.564	502.424	532.498	560.09	585.06	607.809	628.387	646.574	661.844	673.753	681.941	686.703
328	Guyana	797.257	801.747	797.157	785.808	767.587	742.397	710.818	673.602	632.076	586.971	538.547	486.91	432.299	375.639	318.237	261.312
600	Paraguay	7482.637	7752.189	7951.567	8100.863	8193.222	8221.96	8183.658	8077.125	7904.879	7669.304	7376.524	7036.893	6661.281	6261.932	5847.588	5424.069
604	Peru	34190.898	35183.985	35895.448	36402.834	36705.982	36767.07	36552.995	36052.718	35289.413	34297.055	33124.321	31807.64	30387.384	28895.274	27352.634	25768.668
740	Suriname	605.634	617.784	623.925	625.962	623.517	616.398	604.806	589.109	570.194	548.501	524.408	497.961	469.443	439.277	408.063	376.37
858	Uruguay	3496.141	3492.258	3467.462	3431.642	3383.256	3320.634	3241.217	3144.825	3033.501	2910.749	2778.836	2639.116	2492.703	2341.094	2187.526	2035.398
862	Venezuela (Bolivarian Republic of)	31200.514	32847.517	33464.545	33752.016	33756.356	33494.54	32980.916	32246.621	31316.163	30212.871	28955.198	27561.365	26063.902	24486.235	22856.127	21206.09
927	AUSTRALIA/NEW ZEALAND	31624.658	32668.856	33513.313	34243.672	34886.208	35441.455	35882.308	36194.263	36395.535	36519.542	36579.195	36570.481	36501.27	36401.79	36279.428	36108.829
36	Australia	26658.637	27601.956	28386.273	29082.08	29713.769	30282.45	30761.294	31131.401	31401.638	31600.026	31740.734	31827.278	31871.933	31899.353	31908.448	31870.97
554	New Zealand	4966.021	5066.9	5127.04	5161.592	5172.439	5159.005	5121.014	5062.862	4993.897	4919.516	4838.461	4743.203	4629.337	4502.437	4370.98	4237.859
1835	OCEANIA (EXCLUDING AUSTRALIA AND NEW ZEALAND)	13330.521	14245.324	15093.832	15904.419	16653.011	17311.105	17858.281	18291.103	18608.471	18813.206	18901.978	18876.157	18730.694	18474.758	18123.497	17693.245
928	Melanesia	12057.664	12940.54	13766.375	14560.208	15298.984	15956.126	16512.966	16965.705	17311.573	17551.358	17681.564	17704.204	17614.891	17422.503	17140.796	16784.22
242	Fiji	921.684	944.226	959.064	969.076	973.153	970.809	962.125	947.116	926.097	899.977	869.957	836.483	799.586	759.243	715.821	670.237
540	New Caledonia	296.215	304.211	309.961	314.275	316.827	317.227	315.45	311.623	306.292	299.892	292.664	284.596	275.587	265.693	255.188	244.4
598	Papua New Guinea	9731.632	10470.936	11161.434	11821.127	12433.45	12976.512	13433.408	13801.884	14078.33	14263.236	14352.417	14349.169	14251.484	14069.186	13816.185	13504.977
90	Solomon Islands	766.893	846.295	927.482	1012.825	1098.388	1181.454	1261.184	1336.144	1406.199	1470.564	1528.944	1579.894	1621.536	1652.918	1673.48	1683.303
548	Vanuatu	341.24	374.872	408.434	442.905	477.166	510.124	540.799	568.938	594.655	617.689	637.582	654.062	666.698	675.463	680.122	681.303
954	Micronesia	571.225	588.941	601.059	609.301	613.832	614.454	610.628	602.168	589.489	573.455	554.384	532.324	506.977	478.314	446.926	413.845
316	Guam	173.793	177.107	178.742	179.111	178.148	175.925	172.526	168.059	162.713	156.682	149.935	142.343	133.901	124.684	114.979	105.079
296	Kiribati	128.489	136.176	142.832	149.392	156.041	162.248	167.289	170.896	173.153	174.541	175.282	175.3	174.239	171.918	168.335	163.779
583	Micronesia (Fed. States of)	119.997	123.681	125.818	126.798	126.873	126.13	124.412	121.412	117.055	111.485	104.951	97.775	90.16	82.207	73.974	65.564
957	Polynesia	701.632	715.843	726.398	734.91	740.195	740.525	734.687	723.23	707.409	688.393	666.03	639.629	608.826	573.941	535.775	495.18
258	French Polynesia	286.475	290.108	291.444	290.944	288.328	283.518	276.578	267.77	257.512	246.302	234.334	221.787	208.722	195.29	181.631	167.809
882	Samoa	207.727	215.997	223.678	231.499	239.014	244.949	248.476	249.717	249.33	247.881	245.159	240.486	233.408	223.87	212.19	198.788
776	Tonga	109.638	113.127	116.201	118.961	121.145	122.409	122.614	121.824	120.202	117.817	114.56	110.272	104.895	98.552	91.46	83.879
1829	EUROPE AND NORTHERN AMERICA	1116910.709	1109683.558	1097447.971	1082800.082	1065715.196	1045847.665	1022714.221	996550.805	968638.971	940416.75	912530.924	885081.005	857950.41	830995	804097.004	777174.606
923	Eastern Europe	287308.474	279131.336	269526.274	259797.773	250201.414	240584.467	230577.483	219927.621	208763.097	197538.391	186796.185	176879.809	167827.913	159408.298	151226.933	143006.536
112	Belarus	9311.766	9087.47	8808.302	8518.071	8228.937	7937.582	7633.943	7310.324	6969.099	6621.149	6281.218	5962.248	5671.038	5403.494	5143.524	4874.479
100	Bulgaria	6640.992	6304.425	5949.877	5604.417	5274.908	4955.989	4637.958	4313.93	3987.918	3672.446	3376.722	3105.766	2859.724	2629.728	2404.328	2179.294
203	Czechia	10679.45	10553.213	10359.093	10153.303	9956.171	9761.839	9543.871	9276.903	8962.126	8631.3	8321.97	8054.231	7824.676	7617.247	7416.172	7206.74
348	Hungary	9442.364	9158.373	8824.895	8477.206	8129.168	7789.26	7449.948	7095.77	6721.841	6344.251	5983.555	5648.54	5336.771	5041.917	4761.827	4495.652
616	Poland	37221.59	36238.167	34999.816	33647.865	32214.505	30715.963	29149.892	27495.374	25750.031	23932.059	22104.621	20347.331	18717.261	17232.923	15867.016	14585.686
498	Republic of Moldova	3938.923	3801.98	3633.917	3451.733	3261.969	3065.639	2861.392	2647.555	2424.671	2198.734	1979.286	1776.016	1594.184	1432.61	1286.09	1149.769
642	Romania	18639.741	17972.803	17239.544	16492.073	15730.571	14953.593	14144.956	13299.323	12441.476	11607.765	10823.905	10087.566	9389.983	8718.56	8065.973	7423.307
643	Russian Federation	144009.301	140618.835	136478.285	132366.865	128456.568	124608.519	120553.45	116140.146	111442.449	106711.459	102226.899	98141.76	94432.168	90939.961	87421.374	83721.173
703	Slovakia	5406.686	5298.591	5146.19	4971.713	4785.095	4592.105	4390.23	4171.894	3934.798	3686.834	3442.826	3214.48	3007.2	2818.94	2643.312	2473.395
804	Ukraine	42017.661	40097.479	38086.355	36114.527	34163.522	32203.978	30211.843	28176.402	26128.688	24132.394	22255.183	20541.871	18994.908	17572.918	16217.317	14897.041
924	Northern Europe	107402.733	107816.444	107670.017	107311.346	106784.664	105986.398	104748.924	103069.595	101128.899	99109.443	97029.707	94837.654	92528.353	90158.833	87769.623	85341.081
830	Channel Islands	178.268	181.373	183.292	184.497	184.993	184.662	183.444	181.462	179.084	176.665	174.392	172.187	169.902	167.547	165.195	162.939
208	Denmark	5854.619	5880.433	5868.782	5840.008	5799.538	5749.675	5687.679	5612.865	5532.66	5453.181	5373.954	5286.909	5186	5071.186	4952.538	4836.878
233	Estonia	1296.7	1255.893	1209.1	1162.453	1116.203	1068.463	1017.514	962.873	905.021	845.438	786.258	729.437	675.716	625.785	579.156	533.283
246	Finland	5527.63	5472.658	5385.65	5282.623	5170.867	5054.018	4930.531	4801.396	4672.735	4544.496	4411.292	4271.037	4125.814	3978.9	3833.739	3691.961
352	Iceland	348.281	352.205	353.384	352.821	350.425	346.116	339.977	332.365	323.667	314.045	303.58	292.259	280.219	267.706	255.07	242.395
372	Ireland	5069.515	5146.608	5190.694	5222.367	5238.807	5229.295	5181.504	5091.59	4968.14	4827.848	4687.284	4556.887	4435.849	4311.631	4169.429	4006.832
428	Latvia	1785.718	1689.789	1597.328	1513.708	1436.231	1363.398	1290.646	1215.348	1138.959	1064.858	995.332	931.673	872.652	816.427	762.298	708.302
440	Lithuania	2572.139	2439.407	2308.221	2183.37	2067.101	1957.597	1845.972	1729.993	1613.453	1502.207	1398.357	1303.192	1213.815	1126.833	1042.173	959.857
578	Norway	5605.787	5756.573	5870.841	5964.084	6038.041	6092.87	6124.426	6132.703	6125.375	6111.114	6092.159	6061.72	6015.739	5956.954	5891.007	5821.724
752	Sweden	10303.501	10421.886	10464.778	10486.664	10506.35	10516.417	10492.305	10424.024	10326.462	10220.166	10108.319	9977.029	9820.745	9655.638	9496.831	9334.482
826	United Kingdom	68725.108	69083.287	69101.489	68982.71	68741.087	68290.652	67523.878	66456.332	65217.083	63925.408	62576.928	61135.78	59615.027	58066.46	56511.888	54935.689
925	Southern Europe	149518.893	145784.594	141505.901	136985.285	132023.385	126442.943	120169.757	113273.015	106089.032	99080.532	92598.195	86773.711	81486.139	76493.253	71606.731	66793.58
8	Albania	2815.265	2725.797	2620.598	2497.833	2360.989	2212.989	2057.321	1897.547	1735.325	1568.868	1394.577	1211.138	1023.193	839.103	666.527	511.866
70	Bosnia and Herzegovina	3187.323	3064.447	2923.258	2774.662	2620.12	2460.421	2296.875	2132.625	1970.681	1813.073	1660.043	1512.327	1369.915	1233.194	1103.301	982.415
191	Croatia	3964.268	3802.94	3629.775	3453.664	3274.791	3094.248	2909.861	2720.241	2527.681	2336.071	2149.65	1972.286	1804.828	1645.204	1492.106	1345.481
300	Greece	10084.315	9742.133	9408.446	9077.04	8729.963	8351.343	7930.3	7470.329	6992.044	6524.819	6093.954	5709.224	5366.545	5050.831	4741.332	4433.609
380	Italy	59469.1	57998.588	56341.001	54617.16	52664.17	50390.741	47827.809	45035.274	42187.361	39505.74	37091.601	34923.304	32903.768	30955.244	29037.787	27159.358
470	Malta	443.622	440.037	431.158	419.862	407.47	394.96	382.387	368.954	354.157	337.954	320.794	303.519	286.931	271.51	257.477	244.606
499	Montenegro	622.07	611.199	596.244	579.076	560.196	540.091	518.586	495.336	470.35	444.064	417.143	390.167	363.331	336.66	310.243	284.359
807	North Macedonia	2056.182	2007.131	1940.914	1865.719	1784.947	1700.489	1610.942	1514.329	1411.797	1306.568	1202.368	1102.488	1008.542	920.504	837.088	757.275
620	Portugal	9988.687	9731.543	9433.847	9117.253	8775.947	8404.258	7999.938	7566.998	7122.71	6693.229	6301.941	5954.206	5636.186	5328.256	5022.253	4724.433
688	Serbia	8436.87	8079.719	7683.62	7278.559	6874.111	6473.849	6065.693	5639.697	5199.822	4758.498	4326.17	3907.478	3504.581	3118.069	2748.573	2398.487
705	Slovenia	2058.941	2021.445	1972.98	1920.117	1862.631	1799.325	1729.9	1655.227	1577.911	1501.364	1428.944	1363.207	1305.134	1252.979	1203.146	1152.188
724	Spain	46246.703	45415.181	44381.392	43243.821	41970.345	40486.31	38711.091	36653.172	34422.136	32179.373	30105.752	28324.073	26817.251	25449.822	24099.04	22715.652
926	Western Europe	195966.607	194591.003	192311.007	189521.569	186114.848	182051.198	177370.347	172230.553	166986.961	161907.766	156953.653	151999.658	147021.731	142088.496	137215.428	132362.503
40	Austria	9032.957	8995.411	8903.863	8782.667	8633.868	8451.514	8231.143	7984.176	7731.23	7484.572	7239.938	6991.56	6744.774	6512.582	6300.56	6105.65
56	Belgium	11668.313	11675.762	11627.34	11549.128	11437.741	11282.232	11079.593	10841.799	10587.479	10334.089	10082.707	9830.072	9572.447	9311.91	9048.757	8780.243
250	France	65567.373	65447.896	65021.136	64390.849	63510.54	62382.292	61008.589	59416.788	57709.987	56000.813	54313.841	52623.091	50868.848	49047.648	47160.635	45197.303
276	Germany	82908.568	81600.278	80004.375	78284.083	76360.725	74196.577	71843.061	69383.289	66975.854	64703.115	62514.097	60351.783	58258.19	56270.707	54385.756	52571.9
442	Luxembourg	655.314	675.3	691.827	706.47	718.704	728.042	733.856	736.228	736.515	736.085	735.299	733.837	731.802	729.974	728.603	727.775
528	Netherlands	17189.325	17113.163	16911.989	16625.523	16264.328	15841.892	15363.062	14851.015	14339.509	13851.917	13378.205	12890.927	12375.733	11843.711	11308.432	10783.289
756	Switzerland	8865.965	9003.496	9070.277	9102.511	9108.69	9088.573	9031.055	8937.274	8826.33	8716.954	8609.042	8497.5	8388.739	8290.524	8201.089	8114.691
124	Canada	39001.477	39982.605	40733.304	41322.595	41770.653	42110.707	42350.277	42525.696	42677.681	42793.049	42840.674	42811.966	42714.707	42573.95	42438.135	42325.636
840	United States of America	337589.06	342256.816	345584.449	347748.916	348712.576	348569.657	347400.648	345433.033	342907.367	339906.824	336236.907	331707.771	326306.331	320212.175	313785.292	307295.374
