country_code	name	2025	2030	2035	2040	2045	2050	2055	2060	2065	2070	2075	2080	2085	2090	2095	2100
900	World	8223570.302	8636044.987	9029510.264	9396981.921	9744870.759	10078501.339	10392624.283	10690455.182	10976541.259	11243333.757	11500195.321	11742964.576	11988429.597	12227212.624	12448408.329	12662436.518
947	Sub-Saharan Africa	1248507.424	1418192.876	1603221.213	1801309.468	2011551.949	2232626.226	2466035.388	2707313.618	2953241.24	3211143.086	3471244.132	3731714.907	3996003.201	4260408.401	4517429.687	4779538.634
1833	Northern Africa and Western Asia	573062.627	618036.842	661828.794	706119.758	750089.385	793862.384	835042.785	875758.667	914356.479	952193.665	989445.609	1025273.225	1060569.357	1095373.954	1129681.104	1161393.47
921	Central and Southern Asia	2149928.247	2278654.62	2398244.614	2507842.366	2606961.227	2697324.572	2784739.827	2863266.218	2933849.154	2993116.248	3042149.077	3084123.787	3126188.227	3166131.913	3205173.407	3228030.797
1832	Eastern and South-Eastern Asia	2409597.998	2458054.408	2491554.512	2511322.467	2518456.453	2516289.644	2503445.122	2485929.249	2463738.148	2439888.604	2415755.514	2393924.875	2372197.974	2356596.833	2344254.687	2334765.85
1830	Latin America and the Caribbean	686906.688	717205.447	743361.604	766266.792	785225.825	801109.379	814636.909	824878.115	833356.645	837889.484	839859.362	839017.685	836506.558	833774.189	829620.871	825405.252
927	Australia/New Zealand	32186.108	33983.753	35716.208	37380.561	39036.489	40693.092	42405.793	44132.115	45874.135	47665.613	49497.272	51291.018	53209.766	55189.649	57182.961	59351.666
1835	Oceania (excluding Australia and New Zealand)	13612.595	14948.336	16366.283	17815.831	19307.478	20875.385	22510.649	24218.786	25940.695	27788.024	29669.122	31562.199	33557.703	35476.54	37516.203	39639.505
1829	Europe and Northern America	1129804.64	1140694.499	1149751.676	1156882.34	1162003.306	1165508.236	1168685.277	1171947.35	1175629.679	1181289.321	1188904.9	1197546.646	1208332.999	1221169.051	1235426.427	1249254.747
903	Africa	1517517.517	1709201.437	1916095.96	2137582.768	2371107.062	2615280.809	2869281.495	3131484.052	3398059.274	3673661.869	3950316.851	4229527.218	4503492.124	4780692.782	5059034.153	5329522.956
935	Asia	4854318.311	5043163.548	5208484.745	5346027.765	5456113.064	5550230.949	5625318.565	5687738.86	5732960.558	5763663.586	5784142.99	5797389.683	5799304.369	5816025.469	5819747.481	5825583.034
908	Europe	748259.316	746410.707	742804.607	738310.858	732939.127	726784.92	719988.312	712589.439	705227.105	699354.115	694902.86	692220.319	691608.22	692853.201	694884.964	696888.064
904	Latin America and the Caribbean	686906.688	717205.447	743361.604	766266.792	785225.825	801109.379	814636.909	824878.115	833356.645	837889.484	839859.362	839017.685	836506.558	833774.189	829620.871	825405.252
905	Northern America	382704.753	396857.382	410929.372	423898.027	435794.494	447226.316	458557.188	471327.51	484989.933	499307.218	513052.731	527620.173	540855.403	555418.991	570343.907	585648.604
909	Oceania	45696.047	48713.811	51702.731	54672.8	57619.949	60632.72	63717.909	66712.531	69793.837	72964.699	76119.169	79285.598	82388.66	85741.124	89032.645	92500.86
901	More developed regions	1285922.341	1295307.422	1302440.771	1307177.886	1310138.2	1311494.586	1312393.853	1313405.999	1314936.15	1317966.263	1322601.698	1330190.866	1340100.762	1351572.919	1364569.285	1380186.418
902	Less developed regions	6940103.102	7346264.283	7733758.094	8103027.582	8452939.824	8784772.881	9109144.416	9408326.735	9696691.814	9963684.184	10217294.607	10458003.986	10713345.734	10937116.445	11162931.601	11379010.7
941	Least developed countries	1189357.669	1330662.285	1480698.09	1638290.312	1800116.286	1968818.356	2144557.992	2322347.102	2503866.866	2684658.042	2866703.815	3048567.529	3231787.642	3406846.662	3584390.031	3755444.93
934	Less developed regions, excluding least developed countries	5753419.041	6021986.183	6267374.827	6485484.816	6679871.22	6855466.404	7015485.147	7162177.965	7291313.71	7402015.448	7497211.883	7592104.968	7677954.979	7772265.588	7869395.332	7953144.811
948	Less developed regions, excluding China	5444570.766	5837615.219	6223570.707	6599750.968	6965916.557	7325360.927	7675769.042	8011902.494	8331482.652	8635144.27	8913219.492	9183538.717	9455014.661	9715719.013	9966316.101	10201910.298
1636	Land-locked Developing Countries (LLDC)	599226.372	668837.119	742168.468	819132.908	898484.139	979016.164	1061898.773	1144421.854	1228529.171	1311686.53	1393111.854	1474038.217	1551385.439	1627775.304	1701122.091	1774323.478
1637	Small Island Developing States (SIDS)	75897.69	79534.021	82879.677	85976.326	88807.286	91420.006	93848.929	96018.494	98067.505	99941.86	101704.499	103285.466	104789.9	106092.29	107336.007	108504.442
1503	High-income countries	1287262.042	1308171.154	1326319.299	1339854.185	1349906.865	1356758.413	1362081.382	1366724.629	1371673.136	1377503.24	1383454.915	1390904.864	1399636.308	1411088.315	1423664.71	1436287.763
1517	Middle-income countries	6050098.738	6328924.963	6586240.917	6818082.95	7029323.213	7221329.578	7403416.691	7563753.63	7708730.548	7839677.335	7955821.819	8065326.881	8171017.129	8285671.333	8388584.599	8496324.591
1502	Upper-middle-income countries	2733052.662	2795448.052	2841842.09	2874422.159	2896894.361	2907731.451	2909307.837	2900152.318	2884968.304	2865932.107	2847218.349	2826683.691	2808204.773	2790925.947	2776988.923	2768995.202
1501	Lower-middle-income countries	3323926.676	3547733.706	3765810.196	3974575.128	4175579.362	4370181.512	4558133.071	4739879.32	4907244.508	5067189.894	5219889.555	5369308.561	5513953.652	5659331.757	5799478.597	5931300.964
1500	Low-income countries	887855.753	1007288.612	1133563.193	1267489.19	1407673.935	1553785.113	1706065.729	1862729.016	2020091.716	2178121.744	2339090.878	2497672.704	2655764.813	2813608.172	2964463.729	3115510.824
1518	No income group available	3136.118	3331.05	3524	3708.131	3881.29	4043.006	4200.65	4355.998	4513.533	4676.273	4838.108	4997.678	5153.653	5303.634	5447.479	5586.33
910	Eastern Africa	509924.048	580976.875	657375.833	738085.338	823695.576	912896.493	1006286.844	1102516.983	1202068.862	1303016.508	1404634.694	1505733.95	1606623.668	1707715.851	1809442.922	1908227.259
108	Burundi	13960.164	16275.215	18886.776	21823.152	25088.25	28784.03	32864.106	37255.741	42124.776	47299.053	52993.839	59304.001	65799.592	73050.412	80648.343	88840.002
174	Comoros	980.673	1099.609	1228.711	1363.554	1509.023	1664.638	1829.193	2005.438	2182.353	2371.614	2569.426	2780.697	2993.976	3211.35	3440.724	3686.064
262	Djibouti	1071.744	1150.927	1226.549	1299.091	1369.552	1438.716	1504.966	1567.062	1625.628	1676.885	1726.948	1776.826	1824.814	1872.851	1924.037	1970.602
232	Eritrea	3929.423	4390.06	4935.472	5533.928	6159.573	6810.664	7491.638	8216.123	9000.465	9824.868	10647.377	11501.224	12389.845	13261.341	14135.554	15089.088
231	Ethiopia	132089.701	150675.78	170586.213	191600.768	213858.355	237025.32	261701.731	287706.763	314913.488	341521.004	368891.58	396141.044	422792.188	450403.993	478741.267	506262.809
404	Kenya	61017.59	68950.893	77324.386	85952.122	94761.479	103928.098	113636.62	123732.549	134289.907	144809.168	155783.941	167067.091	178346.613	189122.207	200483.972	211602.312
450	Madagascar	32080.123	36960.419	42346.113	48186.625	54623.33	61861.058	69730.301	78257.461	87402.084	97217.384	107933.693	119436.033	131542.497	144833.188	158140.563	173195.426
454	Malawi	22253.601	25831.484	29815.374	34133.375	38873.042	44054.441	49794.722	56016.558	62810.107	69711.259	77126.138	85049.935	93247.437	101570.562	110428.616	119823.074
480	Mauritius	1291.322	1306.659	1315.626	1314.691	1303.798	1289.478	1272.91	1258.212	1243.468	1227.659	1209.319	1188.724	1168.607	1148.739	1130.591	1119.61
175	Mayotte	311.734	354.113	400.433	448.689	499.012	550.358	603.668	658.685	715.42	773.897	830.562	889.463	948.661	1005.482	1062.611	1121.143
508	Mozambique	36565.142	42668.61	49657.579	57533.234	66258.214	75980.806	86984.878	99257.41	112737.182	126817.766	142419.613	158858.794	176166.374	194494.231	214894.682	237205.211
638	Reunion	937.175	976.959	1014.006	1044.947	1070.314	1092.623	1113.056	1130.801	1147.593	1167.477	1187.469	1207.13	1226.512	1245.596	1263.791	1276.934
646	Rwanda	14816.651	16765.333	18839.547	21047.409	23353.57	25739.832	28287.7	30908.933	33527.393	36198.965	38866.7	41511.771	44073.512	46632.339	49096.606	51428.667
690	Seychelles	101.679	104.527	107.224	109.784	111.99	113.763	115.122	116.447	117.984	119.648	121.581	123.826	126.332	128.793	131.533	134.616
706	Somalia	18620.791	21829.712	25520.716	29634.538	34244.426	39536.024	45634.885	52409.801	59894.107	67877.121	76749.827	86357.336	96845.539	108265.284	120495.793	133440.771
728	South Sudan	12656.935	14321.246	16210.805	18239.151	20422.285	22777.092	25382.255	28178.717	31130.266	34266.005	37468.759	40850.644	44417.22	48190.993	51918.004	56002.843
800	Uganda	53247.073	61874.776	71502.037	81942.904	93086.206	105053.445	117778.459	131155.94	145352.513	159799.457	174953.749	190519.434	206452.283	222425.012	238400.315	254243.671
834	United Republic of Tanzania	69982.122	81745.512	95125.988	110146.517	127161.871	146042.585	167483.98	190916.494	217089.067	246316.321	278034.11	313266.646	350581.459	391439.659	434597.881	482166.521
894	Zambia	21539.647	25178.494	29282.857	33854.982	38841.419	44500.507	50717.701	57709.133	65245.716	73662.288	82594.429	92258.085	102424.28	113502.138	125664.179	138273.125
716	Zimbabwe	16396.109	18240.03	20307.694	22524.931	24815.034	27095.011	29408.676	31756.495	34157.632	36516.325	38824.495	41016.031	43154.505	45196.536	46964.793	48867.106
911	Middle Africa	209411.058	243139.399	281037.511	323013.335	369105.251	419528.005	474239.27	532518.624	594966.534	661752.229	732525.241	807805.2	885707.614	967437.672	1052584.631	1138956.793
24	Angola	39012.514	46214.845	54519.959	63999.329	74741.973	86985.421	100868.335	116390.814	133595.5	152776.518	173928.679	197704.328	222978.439	251506.01	282397.763	314682.576
120	Cameroon	30508.86	34930.735	39792.709	45180.651	51009.412	57520.459	64516.329	71836.292	79770.679	88304.025	97320.492	107334.104	117202.064	127816.794	138769.808	150268.549
140	Central African Republic	5429.402	6174.578	7007.062	7916.135	8873.232	9901.72	11007.993	12168.738	13364.032	14612.61	15917.202	17298.301	18610.507	20026.566	21373.156	22653.863
148	Chad	19237.685	22388.991	25918.862	29850.119	34155.336	38966.44	44207.686	49852.59	55990.553	62505.111	69346.352	76828.266	84155.645	92221.468	100390.998	109354.934
178	Congo	6331.729	7248.439	8279.749	9420.255	10680.626	12050.315	13536.209	15185.077	17006.029	18965.773	21071.686	23294.428	25673.317	28278.116	30995.067	33843.625
180	Democratic Republic of the Congo	105620.229	124126.819	145368.742	169471.286	196206.751	226075.819	259505.216	295817.135	335458.421	378856.07	424967.164	474630.714	527540.184	583611.429	642997.318	704162.29
226	Equatorial Guinea	1663.6	1938.231	2228.827	2543.592	2884.574	3243.834	3633.73	4043.588	4477.099	4934.973	5411.172	5906.005	6400.578	6929.992	7519.255	8102.744
266	Gabon	2528.943	2837.682	3162.691	3509.563	3882.322	4289.801	4708.303	5136.403	5587.778	6052.828	6552.292	7072.61	7606.025	8171.89	8726.449	9299.294
678	Sao Tome and Principe	245.423	277.326	313.584	353.372	398.028	446.409	499.206	556.649	617.465	683.123	753.294	828.229	908.503	987.599	1075.035	1165.369
913	Southern Africa	72587.142	77473.953	82307.672	87184.37	91950.875	96631.888	101279.494	105662.469	109968.425	114347.518	118254.922	122278.827	125948.576	129775.036	133966.8	137909.58
72	Botswana	2607.173	2861.02	3118.452	3381.144	3641.916	3898.054	4155.98	4395.347	4637.886	4884.256	5107.78	5324.351	5535.05	5754.852	5963.121	6161.242
748	Eswatini	1244.84	1344.63	1480.453	1627.915	1781.183	1936.906	2091.414	2248.899	2406.534	2562.797	2713.626	2865.309	3013.267	3154.309	3294.901	3423.518
426	Lesotho	2266.798	2411.717	2559.866	2714.322	2876.106	3049.082	3221.073	3390.102	3567.845	3752.228	3939.146	4129.185	4320.543	4500.406	4675.102	4858.218
516	Namibia	2822.834	3119.296	3433.447	3769.91	4120.184	4495.226	4883.475	5281.153	5666.749	6071.12	6496.022	6924.21	7342.93	7772.381	8184.265	8606.542
710	South Africa	63733.128	67951.733	72073.572	76210.377	80235.558	84218.155	88164.763	91958.737	95715.261	99209.345	102768.955	106590.229	110002.447	113569.632	117100.209	120933.166
914	Western Africa	460551.584	526440.617	599702.841	680655.586	769220.111	865549.095	969358.831	1079713.794	1195854.473	1320532.724	1454348.122	1592466.488	1735745.073	1891148.807	2045041.906	2200317.894
204	Benin	14034.278	16174.329	18589.754	21257.046	24201.841	27476.404	31057.78	34997.966	39421.505	44125.687	49064.296	54315.322	59846.184	65875.943	72405.192	79296.434
854	Burkina Faso	24372.664	28361.822	32882.734	37955.147	43580.794	49859.521	56715.28	64374.187	72869.036	81874.011	91597.612	102256.255	113340.45	124854.064	137262.327	150214.547
132	Cabo Verde	592.629	627.435	660.235	691.007	720.421	747.594	772.082	794.121	812.368	827.986	841.036	851.135	860.121	871.563	881.462	890.551
384	Cote d'Ivoire	30360.604	34855.174	39809.332	45283.139	51394.458	58129.324	65456.038	73380.545	81926.962	91459.141	101527.2	112179.063	123573.687	135300.522	147902.621	161230.347
270	Gambia	2821.989	3278.566	3787.959	4348.915	4966.375	5648.144	6370.435	7159.473	8004.468	8898.706	9870.739	10858.625	11920.398	13042.326	14185.415	15395.255
288	Ghana	34977.36	39144.79	43641.463	48450.24	53527.738	58922.431	64629.126	70743.377	77227.752	84040.074	91009.334	98387.446	106192.786	114060.728	122120.723	130239.128
324	Guinea	15249.863	17626.088	20254.351	23142.234	26310.858	29727.315	33523.222	37612.288	41947.661	46602.87	51351.88	56484.03	61772.677	67044.681	72947.287	79264.375
624	Guinea-Bissau	2246.673	2551.767	2883.577	3246.997	3643.368	4066.584	4511.354	4992.12	5507.914	6039.077	6597.128	7172.429	7764.142	8408.673	9030.038	9731.674
430	Liberia	5787.164	6598.049	7489.642	8464.295	9524.302	10679.364	11924.908	13294.224	14777.326	16304.188	17980.996	19753.435	21562.266	23455.829	25563.993	27706.841
466	Mali	23757.056	27869.308	32630.912	38028.657	44077.616	50867.442	58381.343	66735.951	76018.212	86001.659	96716.837	108139.077	120784.953	133915.037	148147.619	162849.809
478	Mauritania	5369.817	6154.571	7016.748	7963.3	8988.956	10133.281	11362.308	12715.903	14170.401	15743.011	17459.912	19295.726	21216.989	23245.233	25365.263	27537.9
562	Niger	29470.607	35815.55	43385.784	52283.656	62732.095	74769.141	88552.724	104329.037	122018.256	142024.736	163450.019	187813.267	214594.206	244374.094	276048.637	310986.879
566	Nigeria	236652.49	271281.794	310663.034	355042.482	404546.65	459650.91	520560.904	588125.934	661183.614	741177.761	827466.353	920106.497	1020944.388	1124158.262	1236958.526	1357635.292
686	Senegal	19355.865	22251.259	25482.94	29027.584	32916.679	37179.44	41741.938	46645.836	52063.125	57847.976	64080.168	70564.1	77720.027	84995.886	92821.598	101149.577
694	Sierra Leone	8966.379	10047.846	11203.081	12438.113	13733.389	15102.292	16526.505	18015.639	19554.39	21080.047	22686.512	24227.964	25916.188	27533.947	29103.541	30678.059
768	Togo	9465.168	10793.079	12283.315	13899.402	15668.682	17588.668	19664.057	21968.792	24464.948	27027.311	29853.792	32858.407	36032.87	39302.045	42918.149	46567.046
912	Northern Africa	270409.296	294339.161	318911.298	344924.147	371983.324	399524.399	427140.284	455533.554	484883.933	513723.666	543935.045	574334.842	605117.009	637142.951	668092.885	699151.377
12	Algeria	47955.79	51635.557	55229.592	59036.346	63240.24	67701.928	72079.577	76368.545	80386.001	84516.005	88781.038	93359.902	98110.419	103077.914	108589.505	113864.903
818	Egypt	113441.53	124637.404	136842.702	150035.99	164427.85	179174.178	194532.827	210390.719	226684.127	244264.51	262520.842	281494.076	301274.235	320186.511	341355.942	361451.138
434	Libya	7364.999	7809.072	8221.67	8609.52	8983.909	9318.783	9597.846	9819.117	10026.998	10217.582	10389.45	10587.847	10785.558	10979.713	11131.498	11296.207
504	Morocco	39528.986	41981.543	44275.134	46492.289	48497.839	50446.547	52294.315	53954.554	55472.321	56903.062	58146.895	59227.765	60300.809	61235.933	62291.065	63241.83
729	Sudan	50132.259	57109.667	64804.052	73117.194	81932.087	91344.531	101467.153	112605.38	124721.067	137478.384	151176.507	165453.465	180587.917	196420.248	212325.139	230585.961
788	Tunisia	12508.559	13066.173	13562.728	14019.723	14477.135	14896.363	15278.137	15610.343	15884.037	16122.603	16364.633	16595.048	16853.842	17128.542	17404.517	17662.244
732	Western Sahara	677.688	758.516	838.764	917.678	997.946	1078.095	1154.744	1233.382	1310.677	1384.784	1460.858	1534.869	1611.738	1686.766	1765.683	1841.009
922	Western Asia	303690.416	325872.168	346898.168	367075.339	386853.616	405575.953	423345.881	439712.711	454526.811	468385.018	481085.678	493515.52	506200.845	518716.52	531171.228	542614.361
51	Armenia	3003.658	3022.01	3023.771	3019.985	3011.589	2997.312	2976.067	2949.307	2915.45	2871.813	2826.042	2779.439	2744.395	2723.985	2695.859	2667.4
31	Azerbaijan	10623.11	10999.883	11343.096	11662.587	11903.939	12079.566	12200.412	12335.681	12457.535	12562.395	12640.502	12706.287	12804.138	12925.69	13075.856	13211.891
48	Bahrain	1884.622	2056.952	2191.453	2302.852	2401.397	2490.675	2573.131	2654.39	2729.301	2793.273	2850.076	2900.258	2935.534	2964.879	2985.87	3008.309
196	Cyprus	1258.118	1304.75	1347.549	1386.092	1420.215	1449.935	1475.562	1497.692	1516.52	1534.95	1550.389	1564.376	1579.937	1595.283	1613.403	1633.476
268	Georgia	3965.817	3928.404	3887.444	3854.258	3818.512	3773.198	3727.065	3683.49	3644.711	3606.371	3571.189	3550.224	3531.485	3520.193	3504.954	3486.892
368	Iraq	45939.558	51989.721	58504.875	65466.279	72885.837	80767.59	89298.106	98279.898	107776.334	117677.876	128005.68	139232.129	151050.7	162386.293	174913.845	187693.52
376	Israel	9434.706	10247.706	11099.784	12007.333	12966.106	13988.581	15073.67	16180.878	17367.063	18623.366	19932.693	21356.237	22771.331	24273.655	25876.61	27520.007
400	Jordan	10500.613	11004.42	11790.888	12724.56	13590.574	14407.1	15170.907	15934.445	16689.579	17397.734	18048.161	18609.626	19156.278	19640.388	20092.968	20538.475
414	Kuwait	4560.213	4833.432	5101.267	5365.389	5600.108	5780.699	5915.441	6046.509	6198.965	6405.752	6657.702	6931.939	7204.068	7463.665	7720.119	7982.218
422	Lebanon	6468.212	6330.582	6452.129	6665.534	6847.006	7009.81	7159.311	7288.219	7393.327	7454.113	7505.872	7547.909	7597.712	7654.551	7704.15	7761.136
512	Oman	5635.547	6063.699	6389.235	6704.748	7026.861	7373.839	7713.289	8013.517	8276.544	8484.338	8647.964	8808.054	8965.364	9098.825	9257.448	9413.789
634	Qatar	3145.664	3380.506	3586.742	3757.37	3921.068	4077.465	4225.139	4358.007	4483.718	4592.342	4695.603	4795.313	4880.688	4975.525	5072.573	5179.864
682	Saudi Arabia	37723.402	40332.954	42700.074	44858.193	46837.738	48696.695	50309.135	51655.343	52814.958	53736.087	54608.915	55620.208	56559.633	57436.797	58490.525	59489.979
275	State of Palestine	5821.663	6590.865	7405.444	8264.714	9152.949	10091.243	11067.872	12108.216	13157.486	14255.559	15353.535	16478.799	17584.544	18762.137	19920.306	21122.974
760	Syrian Arab Republic	23383.919	27421.181	29824.008	32000.627	34275.016	36634.571	38878.946	40936.953	42747.899	44392.862	45897.902	47526.2	49080.665	50561.009	52039.48	53323.995
792	Turkey	87816.503	91460.388	95473.057	99149.029	102303.615	105266.715	107870.933	110186.494	112235.527	113724.658	114852.404	116017.149	116862.678	117632.542	118752.733	119786.501
784	United Arab Emirates	10433.938	10913.872	11114.768	11253.607	11357.753	11435.832	11481.599	11495.714	11503.206	11542.632	11628.524	11761.162	11933.138	12146.483	12389.09	12666.468
887	Yemen	33693.575	37656.106	41708.016	45794.861	49897.065	53903.167	57857.075	61501.002	65002.158	68203.626	71127.673	73662.739	76120.818	78221.342	80220.931	82001.158
5500	Central Asia	80227.262	85532.343	90929.593	96693.474	102564.435	108011.51	113194.096	118425.119	123590.419	128920.016	133896.39	138811.303	143875.951	149264.559	154721.736	159702.782
398	Kazakhstan	19992.639	21101.999	22311.954	23658.304	25085.662	26530.786	27945.128	29352.979	30912.456	32601.033	34339.559	36202.912	38199.934	40217.374	42361.479	44408.214
417	Kyrgyzstan	7113.705	7670.151	8243.632	8857.901	9499.132	10149.427	10805.064	11463.055	12146.445	12865.582	13550.412	14248.044	14993.602	15719.831	16438.536	17202.388
762	Tajikistan	10732.647	11948.935	13310.168	14883.193	16612.481	18423.146	20308.182	22406.392	24707.274	27127.557	29658.128	32376.302	35316.681	38527.204	41836.951	45165.434
795	Turkmenistan	6530.184	6977.408	7422.114	7879.091	8355.432	8825.37	9267.207	9682.78	10112.741	10544.835	10980.084	11399.178	11829.909	12233.8	12632.431	13004.812
860	Uzbekistan	36123.806	38466.197	40734.265	43061.078	45363.549	47511.064	49426.663	51342.004	53177.146	54867.983	56520.756	58096.412	59682.76	61177.388	62728.32	64094.372
5501	Southern Asia	2070569.972	2194866.738	2309668.961	2414825.101	2508944.112	2595834.881	2679208.903	2754817.433	2823880.479	2879146.139	2925953.164	2966782.926	3007601.77	3054888.138	3080022.018	3104826.24
4	Afghanistan	44331.51	50133.123	56197.042	62356.562	68538.495	74845.073	81146.514	87536.767	93710.22	99455.631	104961.717	110266.534	115107.336	119546.245	124138.056	127925.807
50	Bangladesh	174869.33	184302.188	192807.92	200454.475	207241.683	213443.838	218663.854	223358.729	226940.308	229393.288	231274.701	232027.259	232973.894	233092.188	233608.245	233415.432
64	Bhutan	822.127	867.185	906.19	938.949	966.339	990.935	1013.413	1030.901	1041.18	1045.084	1041.569	1035.612	1027.752	1017.914	1006.079	995.117
356	India	1464694.568	1547323.633	1624165.663	1691929.823	1752870.215	1808081.632	1863481.987	1915823.831	1962776.571	2004585.43	2038395.75	2064034.723	2100604.221	2133425.917	2160439.611	2184977.889
364	Iran (Islamic Republic of)	89459.708	94134.957	98260.684	102124.389	105929.86	109519.157	112698.215	115291.515	117382.757	118916.481	119889.622	121385.22	123477.344	125838.954	128317.076	130639.298
462	Maldives	527.999	531.372	556.736	581.873	606.632	628.062	644.611	655.108	661.078	663.296	662.22	658.241	652.894	647.947	646.497	648.472
524	Nepal	32311.643	34555.75	36109.31	37387.499	38522.15	39547.342	40456.746	41071.992	41406.019	41559.648	41471.042	41072.468	40564.785	39953.884	39211.896	38533.199
586	Pakistan	246291.694	272118.613	298483.259	325345.751	353164.229	382130.975	411797.19	441706.93	471419.796	502281.413	532055.274	562072.408	591814.837	623871.631	652029.18	682204.26
144	Sri Lanka	22044.446	22567.723	23025.045	23383.663	23641.656	23780.777	23862.61	23909.313	23960.867	23924.664	23836.116	23810.917	23737.962	23589.982	23509.307	23351.372
906	Eastern Asia	1707636.331	1726246.731	1733794.81	1732452.967	1722930.241	1705383.688	1682159.006	1655397.891	1626305.138	1600018.083	1574148.31	1550799.659	1534544.716	1521588.616	1512338.75	1505464.339
156	China	1469691.34	1490522.698	1501249.8	1504362.601	1499285.511	1488663.592	1471511.262	1451193.356	1428614.768	1408520.847	1388374.276	1371262.521	1357411.106	1347655.438	1341215.356	1339622.914
344	China, Hong Kong SAR	7815.814	8139.012	8298.135	8382.375	8421.453	8435.321	8444.939	8470.586	8496.468	8520.795	8520.172	8524.607	8570.74	8655.654	8799.896	8975.685
446	China, Macao SAR	699.515	743.072	780.79	814.783	847.091	878.981	909.231	936.84	962.136	988.49	1015.003	1042.965	1072.114	1104.162	1142.272	1184.552
158	China, Taiwan Province of China	24163.431	24418.687	24527.737	24415.039	24088.155	23637.59	23157.779	22677.902	22185.435	21700.094	21203.649	20738.079	20356.027	20133.187	20007.705	20005.143
408	Dem. People's Republic of Korea	26603.862	27324.98	27876.459	28253.189	28502.608	28747.444	28987.267	29269.076	29469.017	29645.51	29789.888	29992.535	30220.344	30482.873	30730.085	30991.192
392	Japan	124967.886	122806.585	120270.922	117468.996	114649.569	111714.308	108960.423	106206.218	103341.988	100534.237	97995.943	95988.504	94562.201	93565.66	92901.153	92354.748
496	Mongolia	3547.679	3799.228	4053.371	4325.298	4616.373	4927.538	5248.582	5570.193	5900.304	6247.749	6624.31	7036.922	7488.562	7955.236	8448.489	8964.706
410	Republic of Korea	51817.379	52227.471	52354.722	51998.978	51217.73	50102.573	48674.478	47098.252	45572.57	44115.224	42697.188	41425.657	40291.399	39261.307	38446.845	37946.358
920	South-Eastern Asia	705467.28	739346.39	769516.065	796180.992	819122.312	839347.455	857433.444	873121.881	886419.412	896908.527	907315.065	916058.768	924224.083	932176.477	938771.891	945317.75
96	Brunei Darussalam	461.816	482.899	500.631	515.22	527.428	536.45	542.523	546.355	548.462	548.475	547.269	546.598	547.551	547.116	547.575	548.068
116	Cambodia	18086.275	19398.635	20699.027	22015.512	23354.183	24684.195	25981.323	27309.785	28572.825	29779.895	30904.549	32076.575	33174.801	34300.258	35467.075	36624.812
360	Indonesia	290943.784	307181.236	322583.025	336774.172	350135.447	362119.042	373519.213	384596.351	394995.78	405891.273	415921.602	425209.185	434779.609	444936.433	452186.37	461539.508
418	Lao People's Democratic Republic	7900.869	8493.515	9075.46	9623.499	10140.884	10637.824	11112.235	11540.392	11909.789	12231.673	12509.108	12753.741	12952.619	13159.826	13334.878	13533.987
458	Malaysia	34817.001	37079.766	39111.89	40909.755	42530.42	44092.52	45666.624	47116.945	48456.39	49546.387	50424.204	51187.146	51868.919	52764.316	53640.467	54409.481
104	Myanmar	57325.503	60148.502	62748.148	65030.128	66927.528	68750.096	70389.973	72040.772	73546.077	74870.601	76120.483	77282.338	78371.686	79438.145	80520.501	81672.551
608	Philippines	118493.918	127551.651	136539.627	145204.185	153655.052	161969.05	169974.849	177954.172	186183.356	193892.929	201778.643	208915.688	215406.929	221898.07	228062.38	234579.881
702	Singapore	6120.015	6350.329	6531.126	6651.819	6721.04	6750.884	6762.201	6763.448	6770.29	6764.54	6767.554	6773.976	6811.974	6868.363	6943.701	7047.809
764	Thailand	71091.64	72124.986	72776.565	73021.709	72686.284	71954.595	71041.475	69928.727	68915.215	67913.468	66908.227	65993.58	65199.267	64444.723	63800.703	63386.894
626	Timor-Leste	1472.142	1635.669	1802.482	1966.195	2130.397	2306.048	2491.643	2684.42	2871.391	3054.264	3229.48	3408.973	3581.731	3747.508	3912.871	4072.233
704	Viet Nam	101823.513	105733.919	108852.088	111434.137	113818.298	116031.091	117772.893	119290.765	120156.749	120804.688	121478.929	122313.565	123285.349	124520.77	125891.767	127611.295
915	Caribbean	45177.323	46625.316	47828.835	48918.595	49808.926	50527.043	51083.178	51533.523	51918.954	52236.729	52353.093	52454.737	52482.702	52414.699	52441.907	52377.219
28	Antigua and Barbuda	102.935	107.362	111.168	114.51	117.388	119.987	122.27	124.259	126.13	127.975	129.817	131.782	133.399	135.412	137.264	139.23
533	Aruba	109.696	112.277	114.308	115.442	115.829	115.843	116.107	116.877	118.232	119.934	121.591	123.022	124.332	126.252	128.022	129.906
44	Bahamas	416.042	437.882	457.661	475.112	490.285	503.737	515.528	527.271	537.712	548.545	559.438	569.101	578.212	587.635	597.522	607.463
52	Barbados	290.858	293.797	295.951	296.461	295.03	292.225	288.917	285.518	282.46	279.539	276.437	273.763	271.267	268.969	266.913	265.725
192	Cuba	11373.902	11404.349	11395.35	11322.416	11197.474	11023.374	10806.501	10569.051	10330.9	10117.203	9923.031	9761.05	9587.965	9466.328	9322.978	9227.865
531	Curacao	169.435	174.312	178.643	182.217	184.949	187.248	189.399	191.849	194.852	198.515	201.875	205.419	208.678	211.955	215.113	218.744
214	Dominican Republic	11501.835	12104.32	12667.634	13188.241	13692.968	14170.115	14623.318	15029.998	15392.743	15731.371	16017.077	16212.702	16454.033	16662.056	16852.865	16965.603
308	Grenada	116.073	118.738	120.989	123.042	124.989	126.65	127.996	128.687	128.979	129.118	129.179	128.631	128.153	127.85	127.418	127.109
312	Guadeloupe	403.162	408.408	413.569	416.092	415.886	415.022	414.483	415.241	418.169	423.169	428.409	434.906	441.579	447.992	455.266	461.766
332	Haiti	12285.547	13170.306	14059.734	14962.651	15872.978	16748.12	17636.93	18493.231	19319.149	20122.418	20853.77	21512.466	22166.567	22780.514	23420.244	24056.141
388	Jamaica	3055.213	3129.049	3182.628	3215.629	3235.466	3240.846	3233.013	3214.03	3182.998	3137.548	3084.52	3027.434	2964.564	2893.625	2829.052	2760.904
474	Martinique	375.161	374.676	373.997	370.748	364.014	354.743	345.287	337.263	331.834	328.176	325.202	322.215	319.659	317.835	315.999	314.097
630	Puerto Rico	2932.102	2965.514	2899.591	2831.773	2757.872	2661.265	2556.242	2455.155	2364.318	2282.878	2200.401	2119.54	2037.02	1953.815	1868.446	1786.384
662	Saint Lucia	189.27	194.5	198.31	200.467	201.003	200.843	200.13	198.988	197.495	195.546	192.517	189.283	185.879	182.874	180.727	178.724
670	Saint Vincent and the Grenadines	113.673	116.051	117.917	119.167	119.731	119.863	119.813	119.607	119.33	118.562	117.666	116.652	115.528	114.024	112.858	111.734
780	Trinidad and Tobago	1428.643	1446.918	1458.169	1463.932	1463.923	1458.95	1448.818	1438.852	1426.138	1407.921	1391.322	1375.425	1362.44	1355.218	1346.156	1337.071
850	United States Virgin Islands	104.091	103.019	101.468	99.156	96.257	93.154	90.079	87.034	84.173	81.472	78.952	76.306	73.326	70.172	66.569	63.153
916	Central America	191636.672	203106.066	213834.414	223714.513	232778.92	240997.947	248620.017	255473.692	261348.383	266265.387	270452.619	273949.733	277055.537	279675.174	281853.011	283676.912
84	Belize	440.225	482.093	522.45	560.229	597.623	632.488	667.166	700.565	732.889	762.357	789.61	816.766	840.305	862.772	883.485	904.362
188	Costa Rica	5363.41	5605.764	5813.26	5988.752	6127.882	6238.059	6326.929	6398.832	6449.199	6479.841	6491.433	6489.807	6474.342	6458.988	6452.504	6437.534
222	El Salvador	6741.819	6987.367	7189.808	7372.356	7535.996	7677.626	7804.293	7903.099	7956.309	7980.289	7964.216	7925.517	7853.878	7768.005	7662.601	7524.003
320	Guatemala	19905.117	21958.941	24033.251	26105.346	28148.883	30237.966	32408.257	34561.787	36673.783	38776.913	40842.547	42703.188	44470.931	46277.278	48036.819	49688.004
340	Honduras	10860.897	11818.187	12756.005	13656.8	14518.058	15373.676	16196.599	16987.017	17738.642	18444.145	19072.048	19616.124	20165.026	20647.006	21043.36	21415.589
484	Mexico	137086.332	144766.732	152074.946	158679.204	164746.257	170323.413	175328.951	179984.029	184150.132	187795.515	190959.305	193819.487	196301.572	198764.961	200815.231	203104.913
558	Nicaragua	7107.381	7607.477	8090.575	8546.271	8980.035	9402.466	9793.768	10166.815	10481.823	10747.272	11014.119	11210.23	11392.542	11555.055	11702.959	11830.084
591	Panama	4694.624	5060.295	5419.793	5768.411	6106.991	6447.786	6786.017	7106.546	7429.217	7741.004	8055.56	8362.974	8637.451	8915.39	9184.122	9443.919
931	South America	451554.878	470617.088	487071.205	500966.639	512407.456	522028.383	530160.173	536173.295	541079.575	543818.911	545083.436	545603.905	544939.893	543752.675	543415.98	542629.931
32	Argentina	47787.331	50322.897	52814.109	55338.429	57775.989	60164.956	62606.651	65047.536	67478.274	69664.79	72068.344	74397.857	76423.358	78560.115	80793.837	83148.963
68	Bolivia (Plurinational State of)	12659.839	13670.366	14701.452	15735.114	16757.496	17794.045	18822.794	19851.314	20918.593	22013.739	23014.576	23968.129	24909.119	25856.669	26773.655	27747.411
76	Brazil	221698.389	229596.233	236352.738	241879.046	246059.421	249301.602	251744.101	253512.924	254429.386	255199.362	254647.801	253316.032	252113.931	251517.062	250531.805	250662.098
152	Chile	19462.927	19931.639	20604.47	21128.016	21539.961	21862.32	22105.642	22295.739	22433.341	22527.347	22606.247	22658.162	22660.672	22678.661	22767.806	22808.894
170	Colombia	52652.617	54804.651	56762.762	58411.851	59810.933	60923.8	61898.441	62658.446	63183.633	63545.404	63678.23	63679.381	63358.409	63107.066	62812.05	62739.493
218	Ecuador	18998.492	20383.005	21748.234	23098.18	24454.493	25762.171	27057.5	28316.261	29539.794	30682.122	31747.822	32720.339	33671.444	34567.983	35413.212	36314.212
254	French Guiana	342.386	388.956	438.309	489.135	541.662	596.762	654.667	716.27	781.129	848.674	917.944	990.214	1065.177	1142.223	1224.04	1305.377
328	Guyana	816.186	846.8	871.964	892.424	909.24	925.139	937.602	949.055	957.469	963.734	966.154	965.278	962.854	959.825	952.714	941.624
600	Paraguay	7665.884	8189.702	8695.768	9181.159	9655.71	10140.646	10617.685	11081.001	11522.003	11932.223	12282.76	12652.322	13020.056	13336.313	13639.038	13966.203
604	Peru	34987.548	37014.359	38935.112	40742.7	42511.55	44226.409	45798.195	47321.353	48726.633	49869.703	50955.406	52016.335	53090.914	54122.049	54989.84	55952.78
740	Suriname	619.393	650.393	679.017	705.36	730.587	752.957	774.675	796.321	817.53	836.499	855.092	870.573	886.599	899.406	912.7	926.686
858	Uruguay	3567.217	3653.616	3730.652	3801.797	3864.914	3928.713	3983.275	4035.74	4083.266	4127.058	4166.667	4203.318	4238.269	4278.894	4324.047	4359.197
862	Venezuela (Bolivarian Republic of)	31870.637	34510.098	36369.48	37990.988	39416.189	40853.583	42198.591	43490.241	44695.579	45850.079	46932.843	47884.023	48718.967	49665.595	50543.088	51474.431
36	Australia	27162.778	28784.381	30340.535	31860.323	33407.17	34961.178	36556.91	38206.672	39872.205	41540.618	43263.104	44983.15	46806.555	48727.647	50697.519	52733.787
554	New Zealand	5063.065	5287.219	5492.627	5677.913	5846.428	6003.524	6152.536	6307.743	6481.73	6649.228	6832.217	7005.399	7184.223	7354.697	7521.761	7706.409
928	Melanesia	12326.453	13610.61	14977.193	16390.848	17856.679	19376.154	20998.69	22678.22	24389.874	26203.601	28039.849	29978.827	31948.518	33895.901	35940.42	38120.592
242	Fiji	943.222	995.605	1047.175	1097.483	1147.276	1198.716	1251.377	1304.077	1357.186	1411.832	1465.1	1518.148	1570.775	1626.175	1673.711	1725.324
540	New Caledonia	302.391	318.597	333.992	348.287	361.382	373.031	383.211	392.962	402.433	411.944	421.143	429.222	437.435	445.845	453.124	460.345
598	Papua New Guinea	9971.951	11070.171	12243.652	13453.921	14706.951	16040.938	17454.967	18926.362	20472.919	22036.206	23738.047	25447.077	27214.108	29014.189	30926.369	32926.985
90	Solomon Islands	785.143	892.064	1011.01	1143.61	1289.949	1448.839	1622.846	1809.987	2013.273	2238.46	2479.115	2742.784	3020.832	3308.028	3619.701	3941.27
548	Vanuatu	349.835	396.495	447.239	502.347	562.12	627.474	697.284	773.683	854.297	942.633	1033.87	1131.493	1234.071	1340.922	1454.337	1579.469
954	Micronesia	580.717	612.129	641.241	667.212	690.455	712.605	734.512	755.24	774.323	791.716	807.886	823.106	836.975	849.133	858.952	868.687
316	Guam	177.538	185.724	193.271	199.913	205.255	209.967	214.672	219.418	224.1	228.451	232.078	235.396	238.484	240.479	242.246	244.49
296	Kiribati	131.628	143.693	155.702	168.795	182.616	197.458	213.484	230.371	246.859	264.66	283.401	303.821	324.342	345.931	367.698	390.709
583	Micronesia (Fed. States of)	122.959	130.886	138.266	144.664	150.452	156.055	162.131	168.648	174.57	179.967	183.919	188.241	192.772	197.634	202.281	206.791
957	Polynesia	713.248	744.062	774.764	805.491	834.825	862.521	887.402	910.963	934.96	959.749	982.121	1003.231	1024.059	1042.731	1057.895	1073.681
258	French Polynesia	292.547	304.19	314.9	324.333	331.839	337.907	342.775	347.305	351.245	354.206	356.554	358.265	360.349	362.548	364.278	365.714
882	Samoa	212.181	226.884	243.105	260.769	279.645	299.425	318.536	338.847	360.349	383.633	408.122	433.013	457.301	481.179	505.302	530.128
776	Tonga	112.165	119.292	127.065	135.094	142.903	150.573	158.496	167.665	177.16	186.99	196.413	205.811	215.271	224.884	235.25	245.875
923	Eastern Europe	291185.065	287938.856	283872.581	279776.481	276111.388	272775.188	269663.332	266438.834	262987.149	259892.062	257700.339	256882.156	256818.964	257672.041	259115.422	260230.441
112	Belarus	9479.176	9454.327	9385.812	9309.812	9246.712	9186.772	9140.232	9084.34	9020.791	8956.039	8920.542	8929.027	8975.612	9071.202	9172.96	9281.306
100	Bulgaria	6757.155	6555.128	6343.677	6135.341	5936.93	5756.608	5583.771	5404.211	5223.21	5055.052	4906.922	4784.569	4685.559	4624.867	4562.86	4506.42
203	Czechia	10845.224	10925.825	10964.093	10995.06	11049.444	11106.652	11174.55	11217.319	11241.736	11281.774	11339.939	11461.929	11649.278	11900.555	12181.408	12456.818
348	Hungary	9603.544	9523.176	9410.692	9271.288	9130.953	8997.002	8884.526	8782.456	8673.185	8570.145	8476.931	8425.466	8412.131	8433.969	8465.098	8521.191
616	Poland	37820.515	37579.627	37129.497	36543.321	35881.976	35163.358	34434.99	33716.74	32939.456	32048.87	31172.488	30366.5	29651.382	29132.218	28727.153	28465.442
498	Republic of Moldova	4014.251	3971.656	3903.81	3821.605	3729.998	3636.708	3543.277	3446.981	3343.501	3228.116	3108.654	3006.078	2919.906	2849.079	2803.282	2770.135
642	Romania	18950.699	18661.837	18346.611	18027.313	17684.676	17333.619	16954.52	16583.724	16216.89	15887.092	15621.931	15405.675	15257.055	15119.017	15055.516	14998.507
643	Russian Federation	146468.323	146061.335	145324.027	144753.861	144564.708	144701.725	144882.629	145210.251	145424.892	145829.477	146774.047	148390.431	150741.997	153410.502	156442.597	159339.14
703	Slovakia	5497.159	5502.216	5474.068	5420.388	5361.509	5294.85	5227.913	5151.482	5072.226	4979.914	4895.065	4827.784	4789.385	4771.721	4770.066	4781.466
804	Ukraine	42775.013	41779.968	40775.726	39810.12	38887.804	37938.997	36941.861	35969.572	34956.384	34056.336	33309.867	32657.406	32180.528	31838.555	31581.924	31384.002
924	Northern Europe	108843.788	111217.031	113335.609	115314.785	117215.258	119028.482	120699.271	122264.162	123906.803	125732.061	127603.411	129465.65	131402.404	133486.097	135774.844	138227.696
830	Channel Islands	180.941	187.638	193.842	199.373	204.406	208.835	213.173	217.256	221.438	226.024	230.7	236.029	241.874	247.964	254.327	261.308
208	Denmark	5948.71	6106.573	6244.751	6360.465	6457.503	6557.584	6675.382	6802.633	6944.052	7104.537	7271.811	7446.83	7615.493	7795.757	7974.004	8174.001
233	Estonia	1318.051	1301.436	1281.385	1260.643	1240.062	1219.335	1196.533	1172.855	1148.788	1124.237	1099.464	1078.696	1060.668	1049.136	1041.542	1032.62
246	Finland	5611.342	5665.038	5706.741	5730.604	5744.8	5753.63	5769.592	5796.063	5834.738	5885.135	5933.361	5980.175	6021.51	6069.318	6129.913	6190.135
352	Iceland	354.972	367.796	379.219	388.904	397.262	404.064	410.415	416.784	422.728	428.238	433.222	438.217	442.57	446.558	451.389	456.277
372	Ireland	5163.68	5359.463	5547.809	5736.725	5921.102	6093.055	6235.031	6347.519	6451.761	6556.633	6656.113	6765.125	6902.379	7044.57	7180.121	7300.826
428	Latvia	1816.469	1754.641	1697.135	1650.174	1610.134	1575.993	1542.943	1509.413	1476.713	1446.656	1427.413	1414.956	1409.07	1409.928	1409.282	1410.015
440	Lithuania	2615.279	2530.953	2450.34	2372.736	2306.742	2248.63	2193.61	2137.553	2081.773	2035.115	1999.429	1973.365	1960.161	1948.425	1942.635	1937.067
578	Norway	5691.825	5963.248	6221.717	6460.586	6688.84	6909.898	7127.783	7348.023	7576.122	7808.312	8053.211	8307.261	8557.686	8791.321	9057.008	9337.028
752	Sweden	10465.503	10794.588	11084.637	11359.537	11654.193	11953.367	12274.694	12588.927	12921.746	13274.507	13638.088	14026.755	14412.333	14824.638	15273.783	15730.973
826	United Kingdom	69804.425	71567.917	73225.05	74745.638	76228.834	77618.404	78998.105	80243.978	81480.195	82871.756	84374.268	85880.484	87566.625	89147.764	90962.927	93082.699
925	Southern Europe	151278.02	149851.911	148318.376	146539.699	144283.398	141353.391	137868.042	133967.94	129966.741	126325.145	123156.579	120633.075	118850.861	117276.098	115942.268	114597.588
8	Albania	2872.81	2862.678	2842.47	2797.588	2734.025	2664.313	2590.894	2522.043	2448.894	2368.703	2276.142	2170.648	2065.19	1956.725	1858.564	1768.25
70	Bosnia and Herzegovina	3247.165	3203.462	3151.26	3087.029	3010.144	2922.632	2831.636	2748.146	2668.666	2597.158	2526.562	2450.87	2384.573	2323.444	2275.68	2232.477
191	Croatia	4040.25	3971.453	3897.317	3817.328	3727.62	3626.595	3529.044	3439.104	3351.444	3264.481	3178.387	3095.7	3023.564	2963.589	2914.902	2867.333
300	Greece	10252.194	10120.973	10027.926	9935.589	9812.829	9665.439	9466.459	9255.742	9043.436	8838.769	8679.486	8552.177	8464.07	8420.852	8370.896	8347.617
380	Italy	60313.853	59935.706	59561.469	59119.398	58464.582	57433.305	56179.611	54687.311	53204.395	51988.585	51078.341	50443.06	49999.681	49645.902	49336.943	49102.454
470	Malta	450.71	455.835	456.522	454.17	450.791	448.114	446.13	444.904	443.297	440.638	437.453	433.314	430.42	429.52	431.799	434.398
499	Montenegro	633.123	636.284	637.203	636.161	632.63	628.284	623.125	618.59	614.417	609.378	602.835	597.042	591.399	586.512	581.788	577.946
807	North Macedonia	2098.244	2101.618	2092.912	2070.493	2044.138	2014.16	1981.465	1948.205	1911.629	1867.284	1821.009	1778.93	1743.427	1714.828	1691.576	1673.127
620	Portugal	10137.454	10071.174	9991.144	9883.026	9746.985	9580.719	9385.211	9187.825	8992.775	8812.226	8675.106	8582.398	8516.383	8474.776	8436.261	8426.058
688	Serbia	8608.333	8463.383	8302.018	8120.291	7917.526	7712.254	7498.886	7308.625	7106.779	6893.867	6682.18	6479.839	6294.049	6124.639	5981.841	5826.082
705	Slovenia	2088.986	2087.756	2080.529	2070.134	2058.237	2041.066	2021.249	1999.654	1979.659	1965.027	1954.477	1951.532	1958.61	1977.162	2001.255	2026.825
724	Spain	46904.773	46908.013	46838.424	46709.977	46446.769	45988.913	45258.32	44310.496	43205.385	42134.115	41212.187	40573.025	40227.136	40117.897	40091.529	40170.278
926	Western Europe	198433.63	200344.012	201965.075	203030.813	203596.043	203714.073	203689.565	203772.093	204258.086	205448.169	206830.756	208450.637	210053.321	212044.562	214687.188	217611.772
40	Austria	9177.526	9316.888	9424.151	9495.883	9543.217	9578.125	9606.911	9618.313	9649.751	9713.761	9780.264	9835.696	9923.163	10039.521	10195.297	10390.095
56	Belgium	11844.763	12081.236	12303.434	12502.802	12680.105	12831.071	12960.657	13093.764	13263.602	13442.597	13666.416	13917.233	14145.736	14405.661	14701.006	15004.463
250	France	66503.086	67635.299	68716.841	69728.287	70482.396	71022.443	71534.761	72136.093	72840.876	73615.794	74618.481	75610.152	76671.982	77728.918	79064.613	80470.995
276	Germany	84211.096	84472.251	84680.739	84712.594	84618.092	84284.54	84016.546	83820.399	83868.75	84234.491	84801.02	85391.103	86121.392	87085.843	88380.305	89860.958
442	Luxembourg	666.156	701.001	734.577	766.813	797.641	827.376	855.828	883.994	912.72	941.892	973.44	1005.125	1038.258	1073.2	1109.82	1150.556
528	Netherlands	17451.764	17721.608	17914.774	18023.329	18050.167	18037.727	18020.271	18006.857	18049.845	18132.78	18275.483	18419.231	18536.792	18656.105	18825.907	18998.466
756	Switzerland	8998.923	9314.15	9596.397	9842.482	10077.297	10300.175	10509.917	10706.274	10922.87	11158.285	11436.577	11734.28	12008.946	12361.634	12731.733	13148.388
124	Canada	39742.403	41724.453	43613.618	45384.146	47014.521	48638.361	50302.863	52095.401	54060.762	56066.11	58122.147	60118.454	62183.901	64166.585	66284.26	68711.389
840	United States of America	343062.293	355441.954	367942.262	379475.955	390059.743	400045.727	410062.026	421427.019	433218.886	445572.949	458096.414	470850.616	483251.57	495796.698	508904.5	522584.329
