country_code	name	1950-1955	1955-1960	1960-1965	1965-1970	1970-1975	1975-1980	1980-1985	1985-1990	1990-1995	1995-2000	2000-2005	2005-2010	2010-2015	2015-2020	last.observed
900	World	4.967375689	4.897248432	5.018107938	4.926341625	4.471131111	3.860744866	3.588277325	3.438576015	3.005020096	2.776534174	2.651326672	2.584241968	2.517075411	2.468109072	2018
947	Sub-Saharan Africa	6.509866836	6.553572997	6.636147671	6.681739125	6.764619226	6.77536124	6.720904252	6.518413992	6.165392679	5.883954738	5.639386697	5.403984015	5.096561758	4.724976364	2018
1833	Northern Africa and Western Asia	6.569985935	6.528482005	6.55075013	6.418496364	6.133708578	5.753087196	5.344864218	4.761118651	4.121424884	3.567348071	3.197512749	3.066585569	3.086672571	2.933364619	2018
921	Central and Southern Asia	5.996875313	6.032934246	6.050142913	5.903665187	5.636699399	5.270347121	4.983856656	4.542837961	4.032647124	3.601109194	3.209523437	2.870945044	2.540364195	2.409098297	2018
1832	Eastern and South-Eastern Asia	5.692837271	5.275141164	5.617266543	5.639976899	4.659610648	3.30106249	2.83152252	2.810320146	2.116671887	1.869466017	1.816444436	1.816357677	1.838809993	1.834053025	2018
1830	Latin America and the Caribbean	5.832351314	5.85109216	5.833243287	5.459576975	4.920342999	4.435634409	3.937952696	3.453098623	3.076794155	2.772077444	2.488215246	2.25976444	2.138235313	2.044660431	2018
927	Australia/New Zealand	3.273863736	3.529205859	3.380707388	2.956876374	2.590121015	2.023216441	1.92162786	1.889180584	1.897879666	1.815181946	1.804291674	1.984994729	1.910457902	1.844388105	2018
1835	Oceania (excluding Australia and New Zealand)	6.340068036	6.390581872	6.305274928	6.055661312	5.793980148	5.504693842	5.12417997	4.6809686	4.414802353	4.282948048	4.052588412	3.852650158	3.646637336	3.45687894	2018
1829	Europe and Northern America	2.803621026	2.866121758	2.737717757	2.423003776	2.138056582	1.918653058	1.850592198	1.832145143	1.695351538	1.584358402	1.600743986	1.700290553	1.684148001	1.662549467	2018
903	Africa	6.573231064	6.62461395	6.699267094	6.705966437	6.702987588	6.639629118	6.500986417	6.186857892	5.723811514	5.350802775	5.077068427	4.899950902	4.730118225	4.438374895	2018
935	Asia	5.830638289	5.590543634	5.796636327	5.745010551	5.056186799	4.097328409	3.688990235	3.496632471	2.895892299	2.607117373	2.446748476	2.328109643	2.209790216	2.151942002	2018
908	Europe	2.663844934	2.662661182	2.568962153	2.369604122	2.172404903	1.976807413	1.877969871	1.811457918	1.570812954	1.429775339	1.432547622	1.557200406	1.600935738	1.609646027	2018
904	Latin America and the Caribbean	5.832351314	5.85109216	5.833243287	5.459576975	4.920342999	4.435634409	3.937952696	3.453098623	3.076794155	2.772077444	2.488215246	2.25976444	2.138235313	2.044660431	2018
905	Northern America	3.3362855	3.607734917	3.275098249	2.550427328	2.024442277	1.767927353	1.787088446	1.88499682	1.996936145	1.954045619	1.99103174	2.014921181	1.848948358	1.75268862	2018
909	Oceania	3.8885597	4.095422533	3.970220567	3.588912222	3.249624469	2.763293401	2.62783807	2.533966104	2.518169363	2.479463587	2.458200271	2.540701518	2.435574281	2.357006916	2018
901	More developed regions	2.820129859	2.793600612	2.65962538	2.384311262	2.155940509	1.91938959	1.843846201	1.809229352	1.669345338	1.56500036	1.576829372	1.675154995	1.667225792	1.64332876	2018
902	Less developed regions	6.079123728	5.939077453	6.127004994	6.038370532	5.405960664	4.577079796	4.161994656	3.90486353	3.339040569	3.044037458	2.866007082	2.748983814	2.656101935	2.592618432	2018
941	Least developed countries	6.531956209	6.6019101	6.700243885	6.760015347	6.75217223	6.667502891	6.529387616	6.173171547	5.752275437	5.378101482	5.001616826	4.647253524	4.31101783	4.003148426	2018
934	Other less developed countries	6.020919316	5.851579967	6.050089057	5.94519514	5.233813082	4.311636521	3.869719845	3.630816979	3.040569827	2.73955624	2.568294592	2.461760251	2.378281735	2.325018665	2018
948	Less developed regions, excluding China	6.060062231	6.137374159	6.129742618	5.9666877	5.672396618	5.271020514	4.918945069	4.462340819	4.013561106	3.640075464	3.355355126	3.145908858	2.967189385	2.835919628	2018
1636	Land-locked Developing Countries (LLDC)	6.21812033	6.310252107	6.411644629	6.281946788	6.239610003	6.132631989	6.037592495	5.885230156	5.548545112	5.220357539	4.876105954	4.625612916	4.328536116	3.982968251	2018
1637	Small Island Developing States (SIDS)	5.545142589	5.507317968	5.652212245	5.114461057	4.534184871	3.860851777	3.62633052	3.357986437	3.100111619	2.929242054	2.778235175	2.645728718	2.552347605	2.451620428	2018
1503	High-income countries	2.986484204	3.014569591	2.944556676	2.65205274	2.34409214	2.057699293	1.937885669	1.85383523	1.817132907	1.732557034	1.707967937	1.763480522	1.723269378	1.674514818	2018
1517	Middle-income countries	5.684039414	5.52596299	5.703273415	5.632839532	5.042604748	4.235152822	3.847435937	3.629984327	3.035129473	2.738144067	2.574365785	2.468930785	2.391212235	2.346370565	2018
1502	Upper-middle-income countries	5.568978494	5.212060297	5.536912262	5.502731521	4.593199895	3.408815031	2.982282833	2.953449771	2.221643138	1.956282944	1.849811838	1.831519569	1.870384934	1.899212633	2018
1501	Lower-middle-income countries	5.820695766	5.900524433	5.902092428	5.801270413	5.586729174	5.22847713	4.906629518	4.461899908	4.005029486	3.62092672	3.33210264	3.086512591	2.857635655	2.710543292	2018
1500	Low-income countries	6.416185358	6.566104751	6.543407671	6.658377287	6.682130379	6.609525837	6.604109394	6.454712143	6.198359906	5.933348073	5.610261081	5.288358285	4.909712541	4.519616286	2018
1518	No income group available	6.102323176	6.041316639	5.9722698	5.464115745	4.363040493	3.528683419	3.07358218	2.960539872	2.682313192	2.599514871	2.615390809	2.608588365	2.583479205	2.485246526	2018
910	Eastern Africa	6.987976673	6.987923159	7.077529317	7.098857181	7.136810075	7.106058991	6.999050257	6.781500959	6.377411092	6.093514994	5.756532872	5.377276983	4.904518615	4.434965689	2018
108	Burundi	6.801	6.857	7.05	7.23	7.26	7.4	7.38	7.46	7.3	7.05	6.77	6.39	5.95	5.45	2018
174	Comoros	6	6.601	6.909	7.05	7.05	7.05	7.05	6.7	6.1	5.6	5.2	4.9	4.6	4.2365	2018
262	Djibouti	6.312	6.3874	6.547	6.707	6.845	6.644	6.45	6.181	5.85	4.812	4.21	3.55	3.1	2.7577	2018
232	Eritrea	6.965	6.965	6.815	6.699	6.62	6.62	6.7	6.6	6.3	5.6	5.1	4.8	4.35	4.1	2018
231	Ethiopia	7.1696	6.9023	6.8972	6.8691	7.1038	7.1838	7.4247	7.3673	7.0888	6.8335	6.18	5.45	4.85	4.3	2018
404	Kenya	7.481	7.785	8.065	8.11	7.99	7.64	7.216	6.538	5.65	5.35	5	4.65	4.06	3.52	2018
450	Madagascar	7.3	7.3	7.3	7.3	7.2	6.95	6.5	6.25	6.1	5.801	5.278	4.83	4.4	4.1085	2018
454	Malawi	6.85	6.9	7.0037	7.2038	7.4019	7.6	7.6	7.25	6.5	6.2	6	5.73	4.88	4.25	2018
480	Mauritius	5.895	5.895	6.195	4.61	3.466	3.105	2.3015	2.3118	2.2465	2.0332	1.9335	1.698	1.4859	1.3885	2018
175	Mayotte	7.91	7.91	7.91	7.91	7.91	7.91	7.3504	6.727	5.25	5.08	4.8	4.6	4.1	3.7289	2018
508	Mozambique	6.3415	6.3415	6.555	6.713	6.6753	6.55	6.4	6.3	6.1	5.85	5.8	5.537	5.232	4.8858	2018
638	Reunion	6.9294	6.5699	6.5632	5.6722	3.875	3.12	2.7765	2.713	2.405	2.3279	2.445	2.3969	2.4	2.2735	2018
646	Rwanda	8	8.15	8.2	8.2	8.284	8.432	8.375	7.8	6.554	5.9	5.4	4.85	4.25	4.1	2018
690	Seychelles	5	5	5.59	5.92	5.3819	4.2696	3.5077	2.9377	2.5734	2.178	2.2	2.3	2.38	2.46	2018
706	Somalia	7.25	7.25	7.25	7.25	7.1	7	7.07	7.26	7.531	7.7	7.47	7.1	6.61	6.12	2018
728	South Sudan	6.65	6.7	6.75	6.85	6.9	6.92	6.783	6.83	6.65	6.42	6	5.6	5.15	4.7359	2018
800	Uganda	6.9	6.95	7.05	7.12	7.1	7.1	7.1	7.1	7.063	6.946	6.745	6.38	5.78	5.01	2018
834	United Republic of Tanzania	6.74	6.801	6.8	6.79	6.75	6.73	6.55	6.36	6.05	5.75	5.66	5.579	5.2395	4.9237	2018
894	Zambia	6.7	6.95	7.25	7.3	7.4	7.25	6.9	6.6	6.3	6.1	5.95	5.6	5.2	4.6555	2018
716	Zimbabwe	6.8	7	7.3	7.4	7.4	7.3	6.3018	5.3732	4.415	3.885	3.72	3.8854	4.0897	3.6255	2018
911	Middle Africa	5.84391698	5.967021276	6.122747045	6.290186952	6.458401125	6.601134004	6.716535786	6.751523773	6.666051972	6.517862843	6.380628685	6.227497185	5.942839743	5.531989159	2018
24	Angola	6	6.5	6.9	7.3	7.5	7.456	7.456	7.4	7.1	6.75	6.55	6.35	6	5.55	2018
120	Cameroon	5.489	5.527	5.805	6.085	6.307	6.5	6.702	6.598	6.217	5.75	5.45	5.25	4.95	4.603	2018
140	Central African Republic	5.516	5.75	5.9	5.95	5.95	5.9	5.9	5.9	5.7	5.55	5.45	5.3	5.1	4.7541	2018
148	Chad	6.1	6.2	6.3	6.4	6.671	6.874	7.037	7.212	7.388	7.407	7.237	6.853	6.31	5.7973	2018
178	Congo	5.684	5.786	5.989	6.192	6.3	6.25	5.8	5.3	5	4.9	4.85	4.8	4.7	4.45	2018
180	Dem. Republic of the Congo	5.98	5.98	6.04	6.15	6.289	6.462	6.5975	6.7069	6.7689	6.77	6.7167	6.6334	6.4	5.9635	2018
226	Equatorial Guinea	5.666	5.6526	5.6731	5.7928	5.8037	5.7921	5.8925	5.9823	5.9703	5.9361	5.692	5.4005	4.9942	4.5543	2018
266	Gabon	3.987	4.201	4.587	4.933	5.228	5.572	5.721	5.577	5.2527	4.766	4.35	4.2	4.1	4	2018
678	Sao Tome and Principe	6.2	6.2	6.3	6.4	6.5155	6.495	6.2372	5.9594	5.6823	5.3	5.075	4.85	4.6	4.35	2018
913	Southern Africa	6.064281665	6.07038733	6.030339934	5.858346528	5.59955122	5.185677685	5.018635818	4.493827684	3.630341186	3.003522129	2.723614235	2.713767578	2.63511246	2.499612524	2018
72	Botswana	6.5	6.575	6.65	6.7	6.55	6.35	5.95	4.9	4.1315	3.4913	3.1919	3.0348	3.0143	2.8944	2018
748	Eswatini	6.7	6.7	6.8105	6.849	6.866	6.733	6.565	5.49	4.784	4.1385	3.76	3.5625	3.135	3.0257	2018
426	Lesotho	5.84	5.861	5.811	5.8	5.8	5.686	5.4159	4.9773	4.4551	3.9576	3.6602	3.373	3.26	3.1641	2018
516	Namibia	6	6.1	6.2	6.3	6.6	6.4643	6.2	5.547	4.8915	4.2601	3.5986	3.6084	3.625	3.4153	2018
710	South Africa	6.05	6.05	6	5.8	5.5	5.05	4.899	4.4	3.507	2.8763	2.6125	2.625	2.55	2.4139	2018
914	Western Africa	6.433002558	6.488515882	6.559718429	6.626794926	6.798466943	6.899940957	6.860080187	6.660774687	6.395480287	6.153495916	5.949916267	5.741830629	5.515131373	5.183416088	2018
204	Benin	5.857	6.1341	6.4228	6.6491	6.8349	6.9952	7.0087	6.8818	6.5629	6.1566	5.7841	5.4949	5.2202	4.8675	2018
854	Burkina Faso	6.1035	6.243	6.35	6.5627	6.7	7.0182	7.1722	7.0658	6.932	6.7293	6.4306	6.0789	5.6462	5.2315	2018
132	Cabo Verde	6.5663	6.764	6.9728	6.9654	6.8639	6.615	6.1	5.6344	5.0536	3.9377	3.2303	2.7138	2.497	2.2885	2018
384	Cote d'Ivoire	7.4513	7.6194	7.7585	7.9037	7.9261	7.8123	7.3125	6.85	6.41	6.05	5.68	5.25	4.95	4.68	2018
270	Gambia	6.35	6.3	6.2	6.2	6.2	6.4	6.3	6.15	6.05	5.95	5.8	5.65	5.5	5.25	2018
288	Ghana	6.442	6.6391	6.8436	6.9514	6.8975	6.6878	6.3494	5.8817	5.3426	5.0189	4.6428	4.3653	4.1803	3.8928	2018
324	Guinea	6	6.0742	6.1483	6.21	6.2912	6.4513	6.589	6.6321	6.5137	6.2354	5.9118	5.535	5.1345	4.7384	2018
624	Guinea-Bissau	5.9	5.9	5.95	6	6.1	6.25	6.6982	6.6834	6.5	6.0471	5.6	5.2	4.9	4.51	2018
430	Liberia	6.2714	6.3502	6.4695	6.5923	6.7989	6.9317	6.9555	6.7229	6.274	6.0481	5.65	5.2	4.75	4.35	2018
466	Mali	6.95	6.95	7	7.1	7.15	7.15	7.15	7.15	7.15	6.95	6.85	6.7	6.35	5.9215	2018
478	Mauritania	6.3378	6.7053	6.7863	6.7896	6.7498	6.5726	6.3	6.05	5.72	5.52	5.302	5.07	4.88	4.585	2018
562	Niger	7.3	7.4	7.5	7.55	7.6	7.75	7.9	7.8	7.75	7.7	7.65	7.55	7.35	6.95	2018
566	Nigeria	6.3544	6.3544	6.3544	6.3544	6.6094	6.7629	6.7559	6.6035	6.3697	6.1703	6.0512	5.91	5.74	5.4168	2018
686	Senegal	6.8	6.9	7.1	7.25	7.25	7.25	7.25	6.7	6.2	5.7	5.25	5.1	5	4.65	2018
694	Sierra Leone	6.0297	6.0297	6.25	6.4135	6.565	6.6458	6.7219	6.7219	6.6858	6.4779	6.1074	5.5651	4.8418	4.319	2018
768	Togo	6.3344	6.4217	6.6518	6.937	7.1986	7.2768	7.0567	6.5	5.9	5.5448	5.3064	5.0358	4.6895	4.3515	2018
912	Northern Africa	6.799485373	6.871872267	6.93591117	6.829550667	6.52636837	6.188883867	5.741407529	5.045521114	4.221986757	3.54284137	3.149863109	3.111075999	3.341638131	3.252090973	2018
12	Algeria	7.278	7.384	7.648	7.648	7.572	7.175	6.315	5.302	4.12	2.885	2.3843	2.724	2.96	3.05	2018
818	Egypt	6.75	6.75	6.65	6.45	6	5.7	5.49	5	4.15	3.6	3.15	3.02	3.45	3.33	2018
434	Libya	7.1434	7.2	7.3	7.992	8.1	7.668	6.6806	5.712	4.215	3.2	2.64	2.5	2.45	2.25	2018
504	Morocco	6.608	6.896	7.1	6.85	6.4	5.9	5.4	4.43	3.7	2.965	2.67	2.53	2.6	2.42	2018
729	Sudan	6.65	6.65	6.75	6.861	6.9	6.92	6.63	6.3	6	5.65	5.3	5	4.75	4.4345	2018
788	Tunisia	6.65	6.85	6.99	6.92	6.385	5.65	4.82	4.0019	2.98	2.3435	2.04	2.0239	2.2521	2.2	2018
732	Western Sahara	6.342	6.424	6.534	6.6	6.5732	6.234	5.3321	4.6	4	3.4	2.85	2.55	2.6	2.4149	2018
922	Western Asia	6.346186186	6.200507356	6.188070826	6.039064536	5.777266781	5.359841067	4.993865953	4.511512377	4.035866338	3.595260903	3.244692355	3.0291844	2.859230732	2.652639778	2018
51	Armenia	4.494	4.9	4.453	3.447	3.037	2.6	2.5	2.6	2.38	1.75	1.65	1.72	1.7202	1.7559	2018
31	Azerbaijan	5.2	5.6	6	5.4	4.6	3.8	3.3	3.2	2.9	2.25	1.9	1.83	2.09	2.0835	2018
48	Bahrain	6.97	6.97	7.17	6.97	5.95	5.23	4.63	4.08	3.4	2.95	2.65	2.25	2.12	1.9982	2018
196	Cyprus	3.705	3.498	3.436	2.795	2.49	2.287	2.449	2.428	2.3293	1.8891	1.591	1.48	1.38	1.3375	2018
268	Georgia	2.75	2.909	2.93	2.8	2.601	2.39	2.269	2.263	2.05	1.72	1.58	1.8	2	2.0615	2018
368	Iraq	7.3	6.202	6.598	7.4	7.15	6.8	6.35	6.0895	5.6457	5.1882	4.7147	4.3994	4.25	3.682	2018
376	Israel	4.277	3.8916	3.8463	3.7834	3.8069	3.4654	3.1341	3.0701	2.9333	2.9325	2.9111	2.927	3.044	3.044	2018
400	Jordan	7.38	7.38	7.995	7.995	7.79	7.38	7.0485	6.0232	5.0585	4.304	4	3.8	3.4	2.7723	2018
414	Kuwait	7.2	7.2	7.3	7.4	6.75	5.6	5	3.65	2.55	3	2.6	2.4	2.1	2.1	2018
422	Lebanon	5.74	5.72	5.689	5.2312	4.6654	4.2337	3.7477	3.5	3.2	2.65	2.2	1.9	2.08	2.09	2018
512	Oman	7.252	7.252	7.252	7.3091	7.4077	8.1	8.3166	7.8479	6.2743	4.464	3.2	2.9	2.9	2.93	2018
634	Qatar	6.97	6.97	6.97	6.97	6.75	6.1	5.45	4.4	3.74	3.46	2.95	2.23	2	1.8805	2018
682	Saudi Arabia	7.175	7.175	7.257	7.257	7.298	7.278	7.015	6.217	5.55	4.4	3.65	3.225	2.725	2.34	2018
275	State of Palestine	7.38	7.38	7.995	7.995	7.694	7.504	7.0491	6.7573	6.6031	5.8052	5.0155	4.602	4.25	3.6677	2018
760	Syrian Arab Republic	7.227	7.3755	7.5385	7.5598	7.5426	7.3164	6.767	5.873	4.8041	4.3	3.9	3.7	3.1	2.8398	2018
792	Turkey	6.6859	6.4959	6.2022	5.7996	5.3931	4.6948	4.1106	3.3874	2.8982	2.6477	2.3735	2.2018	2.121	2.08	2018
784	United Arab Emirates	6.97	6.97	6.87	6.77	6.45	5.75	5.3	4.9	3.925	2.97	2.4	1.97	1.695	1.42	2018
887	Yemen	7.8	7.9	8	8.25	8.5	8.6	8.8	8.8	8.2	6.8	5.9	5	4.4	3.8372	2018
5500	Central Asia	4.858235741	5.323329979	5.573353658	5.164935358	5.02650677	4.51149787	4.13613391	3.997827414	3.575413676	2.890610092	2.527792948	2.672816592	2.757039241	2.750748414	2018
398	Kazakhstan	4.406	4.555	4.431	3.671	3.607	3.2334	3.0442	3.033	2.55	2	2.006	2.5406	2.6733	2.7638	2018
417	Kyrgyzstan	4.3607	5.1993	5.5534	5.2072	5.1166	4.5921	4.1969	4.0584	3.6377	2.9582	2.5	2.78	3.3	3	2018
762	Tajikistan	5.4	6.199	6.8	7	6.834	5.897	5.6	5.5	4.877	4.29	3.718	3.6086	3.6075	3.6075	2018
795	Turkmenistan	5.3	6.2	6.8	6.56	6.187	5.6	4.79	4.55	4.03	3.03	2.755	2.65	3	2.785	2018
860	Uzbekistan	5.3	5.9	6.5	6.4	6.1561	5.4649	4.8	4.4001	3.95	3.1	2.5126	2.49	2.43	2.43	2018
5501	Southern Asia	6.041067248	6.061585722	6.067990597	5.934996719	5.664637029	5.305620055	5.021221608	4.5649683	4.052148995	3.630576375	3.236878738	2.879443164	2.531697548	2.396024288	2018
4	Afghanistan	7.45	7.45	7.45	7.45	7.45	7.45	7.45	7.4689	7.482	7.6537	7.1816	6.4784	5.4467	4.5552	2018
50	Bangladesh	6.359	6.6225	6.804	6.9206	6.9098	6.6301	5.9773	4.9834	4.0605	3.4318	2.9356	2.4821	2.2115	2.052	2018
64	Bhutan	6.67	6.67	6.6	6.6	6.6	6.6	6.35	5.9	5	4	3.1	2.55	2.12	2	2018
356	India	5.903	5.896	5.89	5.7226	5.4104	4.9744	4.6816	4.2656	3.833	3.4829	3.1405	2.7961	2.396	2.2402	2018
364	Iran (Islamic Republic of)	6.9086	6.9086	6.9086	6.6802	6.2407	6.2799	6.5339	5.62	3.7	2.4	1.9224	1.8209	1.91	2.15	2018
462	Maldives	6.0299	6.8135	7.1197	7.2226	7.1698	6.8547	7.2575	6.6645	5.1593	3.3929	2.4	2.2881	2.1127	1.88	2018
524	Nepal	5.9588	5.9588	5.9588	5.9588	5.8662	5.7952	5.6202	5.3293	4.9701	4.4066	3.4861	2.8134	2.3178	1.934	2018
586	Pakistan	6.6	6.6	6.6	6.6	6.6	6.6	6.444	6.2967	5.9625	5.374	4.7069	4.1681	3.7821	3.55	2018
144	Sri Lanka	5.8	5.8	5.2	4.7	4	3.6064	3.1894	2.644	2.3839	2.2431	2.262	2.279	2.2135	2.2102	2018
906	Eastern Asia	5.632309354	5.047437949	5.487921475	5.569556817	4.421862565	2.864334616	2.447988348	2.596737516	1.811371848	1.602153612	1.572644799	1.591834028	1.625570452	1.653370926	2018
156	China	6.11	5.48	6.15	6.3	4.85	3.01	2.52	2.73	1.83	1.62	1.61	1.62	1.64	1.69	2018
344	China, Hong Kong SAR	4.44	4.72	5.05	3.645	3.01	2.23	1.715	1.3562	1.26	1.06	0.95	1.0362	1.2045	1.3262	2018
446	China, Macao SAR	4.3858	4.81	4.4077	2.7367	1.793	1.4079	2.06	2	1.405	1.116	0.85	0.98	1.19	1.2	2018
158	China, Taiwan Province of China	6.72	6.1383	5.4058	4.3842	3.3308	2.7417	2.2325	1.7675	1.7583	1.6675	1.325	1.0508	1.1058	1.15	2018
408	Dem. People's Rep. of Korea	3.462	5.117	3.8501	4.388	4.001	2.85	2.801	2.358	2.25	2.01	2	1.95	1.93	1.91	2018
392	Japan	2.96	2.17	2.03	2.04	2.134	1.831	1.762	1.65	1.476	1.369	1.298	1.3388	1.4087	1.3697	2018
496	Mongolia	5.6	6.3	7.5	7.5	7.5	6.65	5.75	4.8407	3.2724	2.3957	2.0759	2.3965	2.8396	2.9023	2018
410	Republic of Korea	5.653	6.332	5.6	4.65	4.002	2.919	2.234	1.567	1.6764	1.5005	1.2137	1.173	1.2331	1.11	2018
920	South-Eastern Asia	5.927483182	6.117775856	6.090192645	5.915808781	5.486403873	4.80872104	4.19744898	3.574676493	3.105322907	2.689151436	2.526247499	2.41882916	2.340871112	2.222571413	2018
96	Brunei Darussalam	6.8958	6.8912	6.6631	5.8985	5.4949	4.4501	3.7903	3.4679	3.0786	2.5076	2.2226	1.8844	2.0152	1.8482	2018
116	Cambodia	6.947	6.947	6.947	6.7034	6.16	5.421	6.37	5.9896	5.1276	4.25	3.44	3.0813	2.7	2.5238	2018
360	Indonesia	5.486	5.672	5.62	5.568	5.3	4.73	4.109	3.4	2.9	2.55	2.525	2.5	2.45	2.3195	2018
418	Lao People's Dem. Republic	5.9432	5.9552	5.9673	5.9794	5.9915	6.1535	6.3601	6.2668	5.8833	4.8064	3.9	3.4	2.93	2.7	2018
458	Malaysia	6.3487	6.3791	6.365	5.3817	4.715	4.2024	3.9682	3.6666	3.4362	3.1251	2.4545	2.216	2.1059	2.0105	2018
104	Myanmar	6	6	6.1	6.1	5.738	5.15	4.6	3.78	3.2	2.95	2.8	2.5	2.25	2.17	2018
608	Philippines	7.4201	7.2692	6.9807	6.5392	5.9769	5.4623	4.9215	4.5271	4.1385	3.9	3.7	3.3	3.05	2.58	2018
702	Singapore	6.61	6.335	5.12	3.645	2.815	1.84	1.694	1.6974	1.7307	1.5705	1.3481	1.2571	1.233	1.209	2018
764	Thailand	6.1378	6.1378	6.1297	5.985	5.052	3.915	2.945	2.3	1.9921	1.7668	1.6026	1.5563	1.5346	1.5346	2018
626	Timor-Leste	6.55	6.4	6.2	5.8	5.5	5	5.5	5.4	5.6	5.8	6.25	5.3	4.4	4.1	2018
704	Viet Nam	5.3986	6.1636	6.4182	6.4649	6.3285	5.4993	4.6002	3.8497	3.2272	2.2493	1.9206	1.9279	1.9624	2.0556	2018
915	Caribbean	5.26698474	5.196207683	5.48806085	4.970269009	4.351100921	3.607079997	3.385887318	3.109680945	2.803572082	2.631523932	2.487120716	2.376547968	2.307607413	2.201496962	2018
28	Antigua and Barbuda	4.5	4.5	4.3	4	3.26	2.24	2.14	2.07	2.09	2.2	2.16	2	2	2	2018
533	Aruba	5.65	5.15	4.399	3.301	2.651	2.45	2.358	2.3	2.1739	1.9531	1.8162	1.76	1.8	1.9	2018
44	Bahamas	4.05	4.31	4.5	3.58	3.54	2.95	3.05	2.65	2.64	2.3275	1.87	1.91	1.81	1.76	2018
52	Barbados	4.417	4.2969	4.2731	3.5328	2.7176	2.1568	1.9181	1.7744	1.73	1.74	1.8	1.75	1.63	1.62	2018
192	Cuba	4.15	3.7	4.681	4.18	3.55	2.15	1.85	1.85	1.584	1.6121	1.59	1.577	1.706	1.6166	2018
531	Curacao	5.07	5.1	4.399	3.8	2.87	2.45	2.25	2.3	2.28	2.13	2.26	2.18	2.12	1.76	2018
214	Dominican Republic	7.5995	7.6405	7.3505	6.6495	5.6795	4.76	4.07	3.58	3.27	2.95	2.75	2.57	2.45	2.36	2018
308	Grenada	5.8	6.7	6.4	4.8	4.6	4.3	4.23	4.14	3.46	2.8144	2.4289	2.3023	2.1826	2.0732	2018
312	Guadeloupe	5.61	5.61	5.61	5.22	4.49	3.52	2.55	2.45	2.1	2.1	2.189	2.2491	2.19	2.17	2018
332	Haiti	6.3	6.3	6.3	6	5.6	5.8	6.21	5.7	5.15	4.62	4.08	3.62	3.26	2.96	2018
388	Jamaica	4.22	5.08	5.64	5.78	5	4	3.55	3.1	2.84	2.7	2.45	2.28	2.08	1.991	2018
474	Martinique	5.71	5.71	5.45	5	4.08	2.65	2.14	2.14	1.962	1.9	1.926	2.04	1.975	1.88	2018
630	Puerto Rico	4.97	4.82	4.37	3.41	2.99	2.76	2.46	2.26	2.18	1.985	1.85	1.72	1.5	1.22	2018
662	Saint Lucia	6	6.938	6.794	6.479	5.691	5.2	4.2	3.65	3.15	2.6	1.85	1.6	1.5073	1.4442	2018
670	St. Vincent and the Grenadines	7.33	7.33	7.02	6.41	5.54	4.42	3.64	3.1	2.85	2.55	2.237	2.132	2.0084	1.9019	2018
780	Trinidad and Tobago	5.3	5.3	5.04	3.81	3.45	3.24	3.28	2.75	2.18	1.82	1.75	1.8	1.7959	1.7299	2018
850	United States Virgin Islands	5.2509	5.4926	5.6723	5.5225	4.6577	3.4884	2.9711	3.0216	2.7945	2.1936	2.1399	2.4181	2.2876	2.0458	2018
916	Central America	6.767554532	6.815875347	6.760883586	6.683110523	6.265060663	5.437742679	4.59932922	3.992211147	3.501062889	3.107569654	2.80879265	2.544586201	2.390346974	2.234273092	2018
84	Belize	6.65	6.55	6.45	6.35	6.25	6.2	5.4	4.7	4.347	3.85	3.35	2.84	2.58	2.32	2018
188	Costa Rica	6.1246	6.6473	6.4998	5.2603	4.0588	3.704	3.5009	3.4058	3.067	2.6139	2.15	1.94	1.8507	1.7639	2018
222	El Salvador	6.3616	6.5973	6.6665	6.3622	5.9472	5.4428	4.7457	4.1669	3.7818	3.3395	2.7225	2.3952	2.17	2.0529	2018
320	Guatemala	7.1196	6.9947	6.8	6.7	6.58	6.46	6.1561	5.5769	5.3107	4.8288	4.3321	3.6213	3.1923	2.8989	2018
340	Honduras	7.497	7.497	7.418	7.421	7.05	6.6	5.9995	5.37	4.916	4.5612	3.8723	3.2445	2.7295	2.4872	2018
484	Mexico	6.75	6.78	6.75	6.75	6.32	5.33	4.37	3.75	3.23	2.85	2.61	2.4	2.29	2.14	2018
558	Nicaragua	7.2	7.45	7.2	6.95	6.75	6.35	5.85	5	4.2	3.4	2.91	2.68	2.54	2.42	2018
591	Panama	5.7641	5.8725	5.79	5.4142	4.8822	4.1869	3.6272	3.2383	2.92	2.8134	2.6842	2.6322	2.6002	2.4688	2018
931	South America	5.617376259	5.63301354	5.577361612	5.120484178	4.5437026	4.195867288	3.770749288	3.29821237	2.950181744	2.657513673	2.361390926	2.13341503	2.016859706	1.94674102	2018
32	Argentina	3.154	3.127	3.09	3.05	3.15	3.4	3.15	3.053	2.914	2.63	2.48	2.37	2.33	2.268	2018
68	Bolivia (Plurinational State of)	6.5	6.4	6.3	6.1	5.9	5.65	5.3	5.07	4.68	4.25	3.85	3.4	3.05	2.75	2018
76	Brazil	6.1	6.06	5.97	5.3432	4.6332	4.2372	3.8009	3.1442	2.72	2.47	2.13	1.86	1.77	1.74	2018
152	Chile	4.85	4.75	4.58	4.08	3.47	2.94	2.625	2.595	2.52	2.199	1.95	1.898	1.85	1.65	2018
170	Colombia	6.51	6.68	6.64	5.86	4.72	4.16	3.58	3.17	3.01	2.7	2.44	2.1	1.92	1.82	2018
218	Ecuador	6.75	6.75	6.65	6.4	5.8001	5.05	4.45	3.97	3.55	3.27	2.94	2.69	2.56	2.44	2018
254	French Guiana	5	4.92	5.02	5	4.18	3.3	3.58	3.73	4.05	3.9265	3.65	3.6	3.42	3.36	2018
328	Guyana	6.0421	6.4545	6.15	5.6967	4.9912	4.0569	3.6425	3.1262	3.0847	3.0549	2.9498	2.726	2.5988	2.4728	2018
600	Paraguay	6.5	6.5	6.45	6.15	5.3505	5.2	5.12	4.77	4.3095	3.88	3.2397	2.8922	2.5988	2.4455	2018
604	Peru	6.95	6.95	6.88	6.55	6.03	5.37	4.73	4.2	3.62	3.05	2.72	2.68	2.4	2.27	2018
740	Suriname	6.56	6.56	6.56	5.945	5.289	4.203	3.7	3.364	3.1891	2.9633	2.8348	2.6668	2.5582	2.4298	2018
858	Uruguay	2.73	2.83	2.9	2.8	3	2.89	2.57	2.53	2.49	2.3	2.18	2.03	2.01	1.98	2018
862	Venezuela (Bolivarian Republic of)	6.4585	6.4585	6.18	5.7	4.941	4.4685	3.957	3.6485	3.25	2.9415	2.723	2.547	2.4047	2.283	2018
36	Australia	3.18	3.406	3.274	2.871	2.535	1.989	1.91	1.859	1.8628	1.7866	1.7739	1.9525	1.885	1.8316	2018
554	New Zealand	3.688	4.07	3.85	3.348	2.843	2.178	1.9727	2.0311	2.067	1.9525	1.949	2.1418	2.0363	1.9	2018
928	Melanesia	6.296295862	6.336942744	6.240960012	6.035085095	5.833925849	5.578863823	5.20332641	4.754094469	4.506628582	4.406355796	4.17311307	3.948224468	3.729762638	3.530275991	2018
242	Fiji	6.625	6.792	5.953	5	4.2	4	3.8	3.47	3.35	3.19	2.98	2.75	2.7874	2.7874	2018
540	New Caledonia	5.2231	5.2231	5.2231	5.212	5.2028	3.9055	3.3399	3.1152	2.9201	2.5858	2.32	2.28	2.18	1.97	2018
598	Papua New Guinea	6.238	6.259	6.278	6.214	6.087	5.871	5.474	4.966	4.703	4.637	4.385	4.133	3.8376	3.5883	2018
90	Solomon Islands	6.4	6.4	6.4	6.539	7.236	7.041	6.431	6.125	5.532	4.905	4.6	4.4	4.435	4.435	2018
548	Vanuatu	7.6	7.35	7	6.46	6.11	5.75	5.4	5.04	4.83	4.59	4.4	4.2	4	3.8	2018
954	Micronesia	6.24966198	6.42559512	6.462422949	5.848900071	5.299980577	4.840103175	4.448942576	4.090066749	3.718243884	3.438488186	3.130431124	3.129809815	3.02153418	2.858000189	2018
316	Guam	5.527	5.828	6.03	4.724	4.12	3.516	3.08	3.139	2.88	2.88	2.74	2.539	2.448	2.3193	2018
296	Kiribati	6.1	6.6	6.7808	6.0397	4.9973	5.1	5	4.8	4.553	4.198	3.96	3.88	3.7875	3.5836	2018
583	Micronesia (Fed. States of)	7.2	7	6.9	6.9	6.9	6.4	6	5.2	4.7932	4.5275	4.05	3.622	3.3255	3.0763	2018
957	Polynesia	6.781229853	6.866031776	6.824175672	6.398755935	5.755488783	5.226909716	4.807932874	4.374894012	3.972176108	3.553172567	3.325746111	3.167958242	2.944719135	2.758637896	2018
258	French Polynesia	6	5.861	5.4381	5.199	4.8575	4.229	3.815	3.6447	3.1095	2.6133	2.3608	2.1673	2.0386	1.95	2018
882	Samoa	7.6297	7.6297	7.6291	7.3526	6.9977	6.4889	5.9103	5.3533	4.9223	4.6203	4.4359	4.4675	4.1643	3.9029	2018
776	Tonga	7.3	7.3	7.3	6.5	5.5	5.5	5.5	4.7363	4.615	4.2912	4.2278	4.0342	3.7886	3.5763	2018
923	Eastern Europe	2.919645027	2.820291793	2.434654288	2.148208452	2.141285639	2.074071035	2.080996995	2.096279814	1.628413334	1.293458649	1.259800615	1.433092073	1.573193261	1.657482887	2018
112	Belarus	2.61	2.73	2.59	2.28	2.25	2.09	2.088	2.0754	1.6769	1.3113	1.2551	1.4423	1.6489	1.7099	2018
100	Bulgaria	2.5264	2.2969	2.2171	2.1304	2.1573	2.1927	2.0149	1.9458	1.5527	1.2008	1.252	1.519	1.516	1.5584	2018
203	Czechia	2.7383	2.3765	2.2088	1.9573	2.2108	2.3588	1.966	1.9008	1.6455	1.167	1.187	1.4286	1.4789	1.6413	2018
348	Hungary	2.686	2.3178	1.81	1.9776	2.0416	2.25	1.8075	1.8222	1.7402	1.3784	1.295	1.3288	1.3318	1.4911	2018
616	Poland	3.6302	3.4698	2.72	2.3348	2.2349	2.2285	2.3135	2.1624	1.9479	1.5147	1.2587	1.374	1.3338	1.4202	2018
498	Republic of Moldova	3.5	3.44	3.15	2.66	2.56	2.44	2.55	2.64	2.111	1.7	1.2378	1.2704	1.275	1.2552	2018
642	Romania	3.0596	2.735	2.1044	2.8678	2.6541	2.5483	2.2153	2.2662	1.5058	1.3163	1.2945	1.5099	1.5108	1.6198	2018
643	Russian Federation	2.85	2.82	2.55	2.02	2.03	1.94	2.04	2.121	1.545	1.247	1.298	1.4562	1.6977	1.8205	2018
703	Slovakia	3.5022	3.2427	2.911	2.541	2.5067	2.464	2.271	2.1537	1.8667	1.401	1.2205	1.317	1.38	1.502	2018
804	Ukraine	2.81	2.7	2.1346	2.0204	2.0789	1.9798	2.004	1.95	1.6208	1.2404	1.1455	1.3828	1.4889	1.4435	2018
924	Northern Europe	2.315981169	2.506346875	2.710095675	2.490198583	2.055166508	1.800279135	1.798040821	1.851379286	1.800110654	1.701362762	1.660819192	1.846531269	1.840772114	1.746347799	2018
830	Channel Islands	2.056	2.222	2.562	2.362	1.858	1.523	1.439	1.45	1.5227	1.5848	1.4719	1.5643	1.5818	1.502	2018
208	Denmark	2.5501	2.5468	2.5823	2.2723	1.9639	1.6816	1.4273	1.5426	1.748	1.756	1.76	1.8537	1.73	1.7621	2018
233	Estonia	2.06	1.99	1.94	2.02	2.15	2.06	2.09	2.199	1.627	1.331	1.391	1.662	1.5908	1.5878	2018
246	Finland	2.997	2.769	2.66	2.191	1.623	1.663	1.685	1.66	1.819	1.743	1.754	1.8396	1.77	1.53	2018
352	Iceland	3.8624	4.1662	3.9383	3.2353	2.8679	2.4472	2.2251	2.1196	2.1908	2.0558	1.9937	2.1305	1.9838	1.77	2018
372	Ireland	3.42	3.58	4.0133	3.8632	3.7349	3.249	2.8306	2.2576	1.957	1.9025	1.9347	2.0034	1.9654	1.8409	2018
428	Latvia	2	1.95	1.8753	1.84	2	1.8894	2.0293	2.16	1.6322	1.1722	1.2856	1.4926	1.4972	1.7167	2018
440	Lithuania	2.84	2.66	2.4272	2.3028	2.303	2.1042	2.0385	2.0554	1.816	1.4716	1.2782	1.4174	1.594	1.6698	2018
578	Norway	2.602	2.837	2.898	2.8	2.35	1.81	1.687	1.8	1.886	1.862	1.8061	1.9235	1.8191	1.68	2018
752	Sweden	2.2372	2.247	2.3104	2.1701	1.9059	1.6646	1.6435	1.9087	2.006	1.5589	1.6703	1.8905	1.902	1.85	2018
826	United Kingdom	2.18	2.49	2.81	2.57	2.01	1.73	1.775	1.835	1.775	1.735	1.655	1.8616	1.8662	1.75	2018
925	Southern Europe	2.683713142	2.616987961	2.701457416	2.68108407	2.55848481	2.240702417	1.829811792	1.556011208	1.41296551	1.341298353	1.370145358	1.466988335	1.404549982	1.365105203	2018
8	Albania	6.23	6.5462	6.23	5.259	4.6001	3.9	3.409	3.15	2.786	2.3841	1.9465	1.64	1.7135	1.62	2018
70	Bosnia and Herzegovina	4.82	3.97	3.683	3.1372	2.7332	2.27	2.02	1.861	1.703	1.68	1.318	1.312	1.314	1.27	2018
191	Croatia	2.73	2.38	2.218	2.003	1.976	1.8986	1.866	1.72	1.523	1.62	1.41	1.522	1.488	1.4461	2018
300	Greece	2.4795	2.4194	2.2895	2.5528	2.5288	2.42	2.06	1.5326	1.3774	1.3056	1.2911	1.4159	1.3434	1.3024	2018
380	Italy	2.355	2.29	2.504	2.4989	2.3227	1.8856	1.5245	1.3497	1.2715	1.2239	1.312	1.436	1.421	1.33	2018
470	Malta	4.145	3.8	3.1495	2.1161	2.0058	2.1176	1.968	2.028	2.011	1.849	1.474	1.393	1.395	1.45	2018
499	Montenegro	4.3464	3.795	3.4168	2.89	2.6179	2.306	2.212	2.106	2.045	1.91	1.8536	1.82	1.7103	1.7506	2018
807	North Macedonia	5.0572	4.1429	3.6509	3.4437	2.8593	2.5402	2.454	2.2729	2.1215	1.8262	1.6375	1.46	1.5033	1.5	2018
620	Portugal	3.0988	3.1216	3.1873	3.1187	2.8332	2.5486	2.0084	1.6205	1.48	1.455	1.4513	1.3718	1.2831	1.288	2018
688	Serbia	3.22	2.57	2.51	2.43	2.36	2.37	2.32	2.23	1.96	1.8312	1.7084	1.5835	1.4612	1.4612	2018
705	Slovenia	2.68	2.3833	2.3354	2.265	2.1999	2.1632	1.928	1.6517	1.3335	1.2483	1.2114	1.435	1.575	1.6	2018
724	Spain	2.53	2.7	2.81	2.84	2.85	2.55	1.88	1.46	1.28	1.187	1.2773	1.454	1.3252	1.33	2018
926	Western Europe	2.390070901	2.488805451	2.651615389	2.47429835	1.962278338	1.65164865	1.618653242	1.574274874	1.488077476	1.517675912	1.583394569	1.638509358	1.667623854	1.683180079	2018
40	Austria	2.1046	2.5652	2.7777	2.5689	2.0369	1.6513	1.5957	1.448	1.4837	1.3879	1.3796	1.3993	1.4488	1.5292	2018
56	Belgium	2.365	2.496	2.6466	2.3881	2.0143	1.7049	1.5959	1.56	1.6119	1.6041	1.6836	1.821	1.7807	1.7148	2018
250	France	2.7632	2.7031	2.8451	2.6518	2.3081	1.8608	1.8646	1.8043	1.7145	1.7616	1.8819	1.9771	1.9809	1.8523	2018
276	Germany	2.128	2.274	2.4736	2.3605	1.7084	1.508	1.4637	1.4295	1.3007	1.3456	1.3513	1.3623	1.427	1.586	2018
442	Luxembourg	1.98	2.23	2.395	2.192	1.722	1.486	1.465	1.469	1.663	1.7213	1.654	1.6206	1.5462	1.45	2018
528	Netherlands	3.0524	3.0974	3.1657	2.7949	2.1001	1.5982	1.5149	1.5546	1.5923	1.5991	1.7396	1.7461	1.732	1.66	2018
756	Switzerland	2.3101	2.3912	2.5972	2.3551	1.8714	1.5388	1.539	1.547	1.539	1.484	1.4079	1.4692	1.5258	1.535	2018
124	Canada	3.645	3.882	3.675	2.61	1.976	1.734	1.634	1.616	1.694	1.562	1.516	1.636	1.601	1.525	2018
840	United States of America	3.311	3.5821	3.2336	2.5434	2.0294	1.7718	1.8044	1.9146	2.0297	1.9965	2.042	2.0553	1.875	1.7764	2018
