country_code	name	2020-2025	2025-2030	2030-2035	2035-2040	2040-2045	2045-2050	2050-2055	2055-2060	2060-2065	2065-2070	2070-2075	2075-2080	2080-2085	2085-2090	2090-2095	2095-2100
900	World	2.5072	2.4991	2.4707	2.435	2.4014	2.3754	2.3486	2.3183	2.2896	2.2622	2.2369	2.2184	2.1959	2.1764	2.1613	2.1397
947	Sub-Saharan Africa	4.5052	4.2606	4.0259	3.8105	3.628	3.4546	3.3045	3.1647	3.0443	2.9375	2.8451	2.7661	2.6837	2.6123	2.5576	2.4981
1833	Northern Africa and Western Asia	2.9085	2.8217	2.7388	2.6618	2.5883	2.5253	2.4751	2.433	2.3945	2.3574	2.321	2.2931	2.2673	2.2445	2.2264	2.2059
921	Central and Southern Asia	2.4732	2.4297	2.3763	2.3195	2.2643	2.2215	2.1909	2.1596	2.1437	2.1114	2.0893	2.067	2.0525	2.0432	2.0376	2.0228
1832	Eastern and South-Eastern Asia	1.9127	1.9487	1.9583	1.9557	1.963	1.9636	1.9608	1.9565	1.9554	1.9509	1.9499	1.9532	1.9531	1.9579	1.9567	1.9559
1830	Latin America and the Caribbean	2.0823	2.0567	2.0243	1.9896	1.9646	1.9533	1.9387	1.9271	1.9181	1.9095	1.904	1.8976	1.8986	1.8979	1.8993	1.9014
927	Australia/New Zealand	1.9736	1.9853	1.9867	1.9837	1.9837	1.9823	1.9819	1.9782	1.9783	1.9808	1.9798	1.9769	1.9802	1.9815	1.9829	1.9821
1835	Oceania (excluding Australia and New Zealand)	3.4949	3.4212	3.3418	3.2503	3.1606	3.0921	3.0262	2.9543	2.9007	2.8554	2.7973	2.75	2.6879	2.6429	2.5939	2.5614
1829	Europe and Northern America	1.7317	1.7725	1.8096	1.8315	1.8443	1.861	1.8781	1.8932	1.9009	1.9063	1.9117	1.915	1.9246	1.9293	1.9382	1.9363
903	Africa	4.2623	4.0468	3.8447	3.6527	3.4886	3.3367	3.2022	3.0748	2.9671	2.87	2.7881	2.7102	2.6302	2.5678	2.5122	2.4575
935	Asia	2.2115	2.2084	2.181	2.1356	2.1031	2.0813	2.0696	2.0472	2.0324	2.006	1.9924	1.9824	1.9723	1.9689	1.965	1.9584
908	Europe	1.6744	1.719	1.7609	1.792	1.8126	1.8269	1.8396	1.85	1.8626	1.8697	1.8812	1.8854	1.8894	1.8957	1.8999	1.9031
904	Latin America and the Caribbean	2.0823	2.0567	2.0243	1.9896	1.9646	1.9533	1.9387	1.9271	1.9181	1.9095	1.904	1.8976	1.8986	1.8979	1.8993	1.9014
905	Northern America	1.8724	1.9156	1.9471	1.9641	1.975	1.9954	2.0099	2.0137	2.0261	2.0288	2.0317	2.0391	2.0422	2.0445	2.0519	2.0503
909	Oceania	2.4497	2.4398	2.4136	2.3777	2.3485	2.3359	2.322	2.2981	2.2803	2.2597	2.2399	2.2219	2.1944	2.1748	2.1617	2.1464
901	More developed regions	1.7085	1.7483	1.7868	1.8099	1.8265	1.843	1.8607	1.875	1.8837	1.8896	1.8966	1.901	1.9087	1.917	1.9227	1.9238
902	Less developed regions	2.6228	2.6046	2.5663	2.5196	2.4738	2.4405	2.4077	2.3728	2.3409	2.3084	2.2787	2.2584	2.2337	2.2101	2.194	2.1694
941	Least developed countries	3.8463	3.6647	3.5046	3.3631	3.2336	3.1119	3.009	2.9128	2.8256	2.7453	2.6784	2.6208	2.556	2.4989	2.4541	2.4074
934	Less developed regions, excluding least developed countries	2.3688	2.3623	2.3368	2.2983	2.2648	2.2468	2.2308	2.2109	2.1911	2.1685	2.1528	2.1446	2.1361	2.1294	2.1184	2.1137
948	Less developed regions, excluding China	2.8247	2.7674	2.7022	2.6382	2.5782	2.5302	2.4871	2.4408	2.4003	2.3626	2.3275	2.3041	2.2725	2.2463	2.2252	2.2003
1636	Land-locked Developing Countries (LLDC)	3.7939	3.5875	3.4038	3.2493	3.1136	2.9781	2.8688	2.7678	2.6921	2.609	2.5409	2.4806	2.4297	2.3788	2.3424	2.3081
1637	Small Island Developing States (SIDS)	2.4864	2.4497	2.4168	2.387	2.3475	2.3177	2.2906	2.2637	2.2473	2.2241	2.2027	2.1875	2.1665	2.1512	2.1343	2.1214
1503	High-income countries	1.738	1.7666	1.7971	1.8134	1.8237	1.8391	1.8527	1.8655	1.8712	1.8777	1.8819	1.8868	1.8935	1.9014	1.905	1.9086
1517	Middle-income countries	2.3912	2.3834	2.356	2.3189	2.2894	2.2741	2.2577	2.2411	2.2237	2.1997	2.1871	2.1784	2.1697	2.1596	2.1513	2.1417
1502	Upper-middle-income countries	1.9536	1.9632	1.9577	1.9511	1.9519	1.9558	1.9552	1.9532	1.9499	1.9438	1.9414	1.9446	1.9487	1.9472	1.9461	1.949
1501	Lower-middle-income countries	2.7336	2.686	2.6349	2.5744	2.5205	2.4841	2.4478	2.4178	2.3888	2.3586	2.3367	2.3213	2.3045	2.2907	2.2739	2.2568
1500	Low-income countries	4.2729	4.0092	3.7773	3.5723	3.3987	3.2362	3.0942	2.9721	2.8665	2.7711	2.688	2.6165	2.5478	2.4884	2.4381	2.392
1518	No income group available	2.5099	2.4719	2.4287	2.3688	2.3154	2.2793	2.246	2.2181	2.1935	2.1669	2.1393	2.1201	2.1046	2.0909	2.0806	2.0722
910	Eastern Africa	4.2313	3.9802	3.7506	3.546	3.3654	3.2198	3.0886	2.9724	2.8738	2.7878	2.7139	2.6504	2.5837	2.5213	2.4821	2.4453
108	Burundi	5.312	5.0847	4.8667	4.6558	4.4452	4.2646	4.1075	3.9623	3.8189	3.7024	3.5734	3.477	3.3628	3.2674	3.1985	3.1132
174	Comoros	4.2261	4.062	3.9106	3.7618	3.6302	3.5026	3.379	3.2835	3.1945	3.1074	3.0364	2.954	2.8951	2.826	2.7701	2.7028
262	Djibouti	2.7836	2.6886	2.5925	2.5101	2.4312	2.3751	2.3097	2.2617	2.2048	2.1621	2.1329	2.1128	2.0866	2.0677	2.0542	2.0485
232	Eritrea	4.0609	3.8975	3.7294	3.5758	3.4484	3.3247	3.2228	3.1331	3.0437	2.9542	2.8736	2.8103	2.7381	2.6681	2.6127	2.5508
231	Ethiopia	4.1426	3.8863	3.6499	3.4622	3.2975	3.1529	3.0171	2.9093	2.8099	2.7272	2.6428	2.5726	2.5048	2.4323	2.3624	2.3062
404	Kenya	3.5478	3.4334	3.311	3.1934	3.0897	3.0035	2.91	2.8276	2.7542	2.6894	2.6162	2.541	2.4693	2.4118	2.36	2.3096
450	Madagascar	4.1577	4.0457	3.9242	3.8131	3.7022	3.5976	3.5053	3.4058	3.3171	3.2435	3.1869	3.112	3.0497	2.9939	2.9382	2.8714
454	Malawi	4.2196	4.0478	3.882	3.7319	3.5958	3.4638	3.3538	3.2345	3.1392	3.0649	2.9678	2.8985	2.8211	2.7498	2.6755	2.6047
480	Mauritius	1.5292	1.6021	1.6566	1.699	1.7436	1.7772	1.8018	1.8293	1.8527	1.8711	1.8877	1.9006	1.9141	1.9204	1.9306	1.9404
175	Mayotte	3.7154	3.5707	3.4156	3.2775	3.1412	3.0212	2.9224	2.8195	2.7345	2.6499	2.5704	2.4871	2.4085	2.3487	2.2974	2.2503
508	Mozambique	4.8228	4.6338	4.4458	4.2667	4.0975	3.948	3.7968	3.6583	3.5349	3.4303	3.3344	3.2403	3.1538	3.083	3.0155	2.9578
638	Reunion	2.383	2.3495	2.3092	2.2611	2.2323	2.2015	2.1765	2.1535	2.1409	2.1285	2.1171	2.1113	2.1011	2.0981	2.0889	2.0774
646	Rwanda	4.0204	3.8052	3.6077	3.4188	3.2548	3.1125	2.9876	2.8557	2.7513	2.6379	2.5391	2.4405	2.361	2.2927	2.2341	2.1922
690	Seychelles	2.4997	2.4615	2.4199	2.3827	2.3466	2.3181	2.2882	2.2682	2.2482	2.2256	2.2011	2.1902	2.1821	2.1684	2.1584	2.1462
706	Somalia	5.9101	5.6077	5.3153	5.0488	4.8004	4.5941	4.394	4.2101	4.0548	3.9079	3.769	3.6509	3.5345	3.4268	3.3368	3.2388
728	South Sudan	4.6528	4.4411	4.2438	4.0465	3.8784	3.7251	3.5807	3.465	3.3524	3.253	3.1521	3.0663	2.9874	2.9199	2.8643	2.8009
800	Uganda	4.7522	4.4141	4.0986	3.8404	3.6098	3.4159	3.2495	3.1085	2.9966	2.8937	2.7995	2.7214	2.6297	2.5572	2.4907	2.4178
834	United Republic of Tanzania	4.8997	4.7494	4.5935	4.4384	4.284	4.1599	4.0229	3.9087	3.7899	3.6913	3.5957	3.5072	3.4201	3.3517	3.2816	3.2133
894	Zambia	4.6706	4.532	4.4001	4.2658	4.1424	4.024	3.9211	3.8131	3.7268	3.606	3.5373	3.4562	3.3928	3.3212	3.2359	3.1805
716	Zimbabwe	3.6055	3.438	3.2766	3.1383	3.0117	2.8899	2.7922	2.6917	2.6081	2.514	2.4363	2.3602	2.297	2.2498	2.2098	2.1798
911	Middle Africa	5.2873	4.9909	4.7028	4.4428	4.2213	3.9997	3.8202	3.6478	3.4996	3.3496	3.2314	3.1111	3.0076	2.9189	2.8444	2.7675
24	Angola	5.4737	5.2786	5.0783	4.8864	4.7124	4.5556	4.4072	4.2631	4.1393	4.0179	3.9059	3.7954	3.7059	3.6144	3.5372	3.4512
120	Cameroon	4.5775	4.421	4.2573	4.1038	3.9632	3.8427	3.7039	3.5947	3.5014	3.4017	3.316	3.2355	3.1666	3.1056	3.0311	2.9838
140	Central African Republic	4.6697	4.4538	4.2212	3.9927	3.7826	3.5976	3.4429	3.2891	3.1668	3.0595	2.9637	2.8859	2.8043	2.7345	2.6748	2.6197
148	Chad	5.5807	5.2753	4.989	4.7176	4.4875	4.2782	4.0743	3.903	3.7566	3.6135	3.4868	3.3774	3.2722	3.1861	3.1027	3.0119
178	Congo	4.4747	4.3502	4.225	4.097	3.9863	3.8587	3.7386	3.656	3.572	3.4783	3.4076	3.3306	3.2581	3.1931	3.1401	3.0858
180	Democratic Republic of the Congo	5.7443	5.4337	5.1303	4.8238	4.5639	4.3213	4.0996	3.9061	3.719	3.5623	3.4273	3.3058	3.1854	3.0895	3.0072	2.9255
226	Equatorial Guinea	4.4495	4.2337	4.0159	3.8216	3.6308	3.4877	3.3341	3.2224	3.1091	3.0192	2.9295	2.8568	2.79	2.7316	2.6634	2.6136
266	Gabon	4.0059	3.8644	3.7198	3.5741	3.4594	3.3419	3.244	3.1561	3.0698	2.997	2.9428	2.8795	2.8275	2.7843	2.7347	2.6831
678	Sao Tome and Principe	4.3709	4.2467	4.1139	3.979	3.8577	3.7412	3.6474	3.5426	3.4497	3.3652	3.2867	3.2236	3.1583	3.0891	3.0256	2.9687
913	Southern Africa	2.601	2.5629	2.5168	2.462	2.4073	2.3621	2.3097	2.2678	2.235	2.2061	2.1707	2.1517	2.1332	2.1137	2.1011	2.0874
72	Botswana	2.9424	2.8618	2.7725	2.6868	2.6041	2.5295	2.47	2.3989	2.3491	2.2994	2.2486	2.2186	2.1873	2.1621	2.1397	2.1301
748	Eswatini	3.0593	2.9633	2.8644	2.7651	2.6836	2.599	2.5216	2.4472	2.3744	2.3122	2.2622	2.2222	2.1808	2.1551	2.135	2.1128
426	Lesotho	3.2328	3.1656	3.0708	2.9893	2.9196	2.8446	2.7908	2.7382	2.6883	2.6269	2.5767	2.5288	2.4669	2.426	2.3722	2.3398
516	Namibia	3.4494	3.3403	3.2215	3.1191	3.0196	2.9456	2.8547	2.7873	2.7226	2.651	2.5856	2.5332	2.4722	2.4148	2.3652	2.3149
710	South Africa	2.5437	2.5201	2.4771	2.4389	2.3881	2.3414	2.3014	2.2684	2.237	2.2033	2.1776	2.1586	2.1353	2.1171	2.1079	2.0948
914	Western Africa	5.0076	4.7739	4.5494	4.3297	4.1398	3.9583	3.8	3.6388	3.5036	3.3711	3.252	3.1507	3.0548	2.9602	2.8911	2.8093
204	Benin	4.8198	4.6529	4.4812	4.3134	4.1627	4.027	3.893	3.7764	3.6695	3.5699	3.4818	3.3894	3.3069	3.2186	3.1491	3.0963
854	Burkina Faso	5.1148	4.8916	4.6644	4.4626	4.2668	4.0977	3.9235	3.7803	3.6483	3.5275	3.4204	3.3225	3.2227	3.1409	3.0677	3.0023
132	Cabo Verde	2.3836	2.3474	2.2938	2.2423	2.1938	2.1586	2.128	2.1027	2.0788	2.0629	2.0512	2.0373	2.0321	2.0306	2.0238	2.0224
384	Cote d'Ivoire	4.6706	4.5318	4.3874	4.2492	4.1185	3.9938	3.8692	3.7623	3.671	3.5729	3.4758	3.3896	3.3109	3.2331	3.1706	3.0972
270	Gambia	5.177	4.9584	4.7238	4.493	4.2628	4.0502	3.838	3.6724	3.5035	3.3656	3.2353	3.1226	3.0396	2.9499	2.8746	2.7948
288	Ghana	3.935	3.8326	3.7223	3.6028	3.5061	3.4141	3.3217	3.238	3.1569	3.0753	3.0225	2.956	2.8917	2.8304	2.7865	2.7157
324	Guinea	4.6664	4.4687	4.2781	4.0966	3.9377	3.7774	3.6444	3.5166	3.4243	3.3256	3.2319	3.1428	3.0682	3	2.9297	2.8644
624	Guinea-Bissau	4.4611	4.274	4.0939	3.9352	3.7853	3.6447	3.517	3.3923	3.3084	3.2148	3.1227	3.0426	2.9767	2.9103	2.8466	2.7939
430	Liberia	4.3306	4.1786	4.0153	3.8732	3.7433	3.6127	3.4873	3.3915	3.3024	3.2124	3.1379	3.0677	2.9949	2.9283	2.8842	2.8175
466	Mali	5.7324	5.4595	5.1629	4.889	4.6389	4.4257	4.2262	4.0344	3.8658	3.7022	3.5516	3.4299	3.312	3.2092	3.1203	3.0321
478	Mauritania	4.6018	4.4832	4.352	4.2173	4.095	3.9792	3.8565	3.755	3.6574	3.5761	3.4888	3.4179	3.3451	3.2729	3.2134	3.1453
562	Niger	6.7333	6.4229	6.1001	5.7823	5.489	5.1989	4.9368	4.6921	4.4645	4.262	4.0709	3.8961	3.7464	3.6205	3.4924	3.3793
566	Nigeria	5.3368	5.1403	4.9292	4.7284	4.5411	4.3655	4.2039	4.0637	3.9302	3.7993	3.6754	3.5774	3.4778	3.3934	3.3144	3.2394
686	Senegal	4.6226	4.4606	4.3011	4.1572	4.0115	3.8805	3.7444	3.6403	3.5435	3.456	3.3677	3.2868	3.2029	3.1277	3.0567	2.9918
694	Sierra Leone	4.173	3.9193	3.6944	3.5048	3.3435	3.1929	3.0625	2.9583	2.8591	2.7739	2.6895	2.6189	2.5489	2.4907	2.4278	2.3673
768	Togo	4.344	4.205	4.0525	3.9184	3.7898	3.6722	3.559	3.4588	3.3623	3.2697	3.1837	3.1095	3.0385	2.9704	2.8962	2.8371
912	Northern Africa	3.2477	3.1505	3.0655	2.985	2.9064	2.8353	2.7661	2.7208	2.681	2.6349	2.5819	2.5378	2.5029	2.4625	2.4357	2.4097
12	Algeria	3.0054	2.9057	2.8129	2.7299	2.6551	2.5895	2.5261	2.4742	2.4238	2.3832	2.3448	2.315	2.2898	2.2631	2.2416	2.2234
818	Egypt	3.4035	3.3281	3.2482	3.1709	3.0837	3.0184	2.945	2.8899	2.8355	2.7776	2.7183	2.6747	2.6087	2.555	2.5027	2.4519
434	Libya	2.3427	2.3087	2.2587	2.2098	2.1709	2.1418	2.1168	2.1049	2.0917	2.0859	2.0746	2.0651	2.0611	2.0531	2.0552	2.0518
504	Morocco	2.5331	2.4993	2.4428	2.384	2.3337	2.2828	2.2431	2.2118	2.1831	2.1539	2.1322	2.1111	2.0999	2.0897	2.0779	2.067
729	Sudan	4.4482	4.3102	4.168	4.0295	3.8991	3.7824	3.6655	3.5729	3.4742	3.3926	3.3101	3.2358	3.1607	3.093	3.0428	2.9874
788	Tunisia	2.3213	2.2944	2.2619	2.2228	2.1886	2.1627	2.1387	2.1269	2.1113	2.0974	2.0917	2.0845	2.077	2.074	2.071	2.0642
732	Western Sahara	2.5084	2.4595	2.4009	2.3435	2.2853	2.2346	2.1832	2.1487	2.1219	2.1032	2.0893	2.0738	2.0647	2.0545	2.0474	2.046
922	Western Asia	2.6724	2.6056	2.5355	2.4668	2.3999	2.353	2.3126	2.2761	2.2418	2.2118	2.1863	2.1717	2.1559	2.1542	2.1437	2.122
51	Armenia	1.8759	1.9168	1.9435	1.9631	1.9823	1.9927	2.0009	2.0081	2.0168	2.019	2.0261	2.0267	2.0313	2.0358	2.0363	2.0396
31	Azerbaijan	2.2131	2.1959	2.1636	2.139	2.1157	2.0962	2.072	2.0574	2.0505	2.0369	2.0318	2.03	2.0273	2.0262	2.0239	2.0193
48	Bahrain	2.1073	2.0895	2.0628	2.0359	2.0106	1.9907	1.9813	1.9769	1.9674	1.9656	1.9666	1.9663	1.9675	1.9682	1.9685	1.9747
196	Cyprus	1.48	1.5565	1.613	1.6731	1.7198	1.7504	1.7841	1.8099	1.8341	1.8547	1.8665	1.8815	1.896	1.9091	1.9218	1.9373
268	Georgia	2.1397	2.1421	2.1434	2.1412	2.1381	2.1311	2.126	2.1203	2.1068	2.1093	2.103	2.0956	2.0944	2.0904	2.0874	2.087
368	Iraq	3.7387	3.6535	3.5487	3.4439	3.3477	3.2591	3.1691	3.1046	3.0169	2.9566	2.904	2.8398	2.7812	2.7328	2.6843	2.6309
376	Israel	3.1855	3.1736	3.1366	3.0958	3.0563	3.0056	2.9692	2.9198	2.8818	2.8369	2.7984	2.7594	2.7039	2.65	2.615	2.5698
400	Jordan	2.8328	2.7356	2.6426	2.556	2.4737	2.4	2.3357	2.2746	2.2103	2.1628	2.1337	2.1104	2.0858	2.0748	2.059	2.0474
414	Kuwait	2.2503	2.2342	2.2048	2.1825	2.1625	2.1503	2.1329	2.1256	2.1067	2.1016	2.0941	2.0888	2.0919	2.091	2.09	2.0801
422	Lebanon	2.1736	2.1635	2.145	2.1216	2.1076	2.0934	2.0853	2.0742	2.0624	2.0595	2.0478	2.043	2.0417	2.036	2.0352	2.0349
512	Oman	2.849	2.6739	2.5174	2.4024	2.3192	2.2483	2.2077	2.1668	2.1414	2.1172	2.1018	2.0876	2.0743	2.0704	2.0668	2.0588
634	Qatar	1.99	1.9831	1.9631	1.9522	1.9363	1.9333	1.929	1.9254	1.9231	1.9225	1.9279	1.935	1.9436	1.9488	1.95	1.9577
682	Saudi Arabia	2.4122	2.359	2.2817	2.2161	2.1533	2.1145	2.078	2.0458	2.0254	2.0118	2.0075	2.003	1.9997	1.9956	1.986	1.9842
275	State of Palestine	3.6705	3.5354	3.4109	3.2827	3.1627	3.0751	2.9811	2.9005	2.8179	2.7506	2.6776	2.6067	2.5502	2.4933	2.4457	2.4043
760	Syrian Arab Republic	2.8972	2.8106	2.7104	2.6265	2.5408	2.4567	2.3846	2.3234	2.2535	2.2081	2.1675	2.135	2.1104	2.0881	2.0693	2.0544
792	Turkey	2.2161	2.1993	2.1723	2.1426	2.1216	2.0979	2.0703	2.055	2.044	2.037	2.0301	2.0232	2.0205	2.019	2.0189	2.0152
784	United Arab Emirates	1.5468	1.6022	1.6402	1.6718	1.7147	1.7427	1.7719	1.7931	1.8164	1.8335	1.8522	1.8681	1.8848	1.8936	1.9055	1.9153
887	Yemen	3.716	3.4719	3.2464	3.0486	2.8789	2.7215	2.5904	2.4796	2.3726	2.2744	2.1921	2.1446	2.1071	2.0695	2.0465	2.0351
5500	Central Asia	2.7973	2.7215	2.6478	2.5816	2.542	2.4905	2.4471	2.3923	2.3517	2.3173	2.2907	2.2706	2.2652	2.248	2.22	2.1954
398	Kazakhstan	2.7997	2.766	2.7315	2.6908	2.655	2.6119	2.5746	2.5382	2.5082	2.4711	2.4356	2.4016	2.3801	2.3493	2.3267	2.2979
417	Kyrgyzstan	3.0885	3.0386	2.9707	2.904	2.8535	2.7929	2.7377	2.6892	2.6353	2.5932	2.5325	2.4904	2.4444	2.3969	2.3518	2.3248
762	Tajikistan	3.6878	3.6017	3.4907	3.3976	3.3192	3.2305	3.1587	3.0793	3.013	2.9457	2.8776	2.8303	2.7681	2.7115	2.6503	2.5943
795	Turkmenistan	2.8763	2.819	2.7607	2.6863	2.6294	2.5618	2.5025	2.4374	2.3924	2.3431	2.2985	2.2581	2.2304	2.2051	2.1777	2.1563
860	Uzbekistan	2.545	2.5112	2.4658	2.4109	2.3655	2.3136	2.2684	2.2325	2.2006	2.1815	2.1524	2.1275	2.1127	2.1042	2.093	2.0831
5501	Southern Asia	2.4689	2.4275	2.3727	2.3127	2.2635	2.2229	2.1934	2.1578	2.1427	2.114	2.0927	2.0682	2.0534	2.0476	2.0387	2.0258
4	Afghanistan	4.1928	3.7899	3.469	3.2284	3.0304	2.8609	2.7247	2.6232	2.5097	2.4172	2.3268	2.26	2.1984	2.1559	2.1244	2.0939
50	Bangladesh	2.1503	2.1224	2.0875	2.0526	2.0174	2.0074	1.9943	1.9803	1.9701	1.9667	1.9705	1.9727	1.9764	1.9746	1.9776	1.9802
64	Bhutan	2.0888	2.0671	2.0366	2.004	1.9827	1.9699	1.9598	1.954	1.9519	1.9497	1.9553	1.9607	1.9721	1.9687	1.9731	1.9725
356	India	2.3693	2.3563	2.3225	2.2837	2.2428	2.2017	2.1702	2.137	2.1182	2.0965	2.0758	2.0593	2.0456	2.0423	2.0312	2.0269
364	Iran (Islamic Republic of)	2.2128	2.2126	2.2103	2.1944	2.1874	2.1791	2.1713	2.1647	2.1626	2.1531	2.1461	2.1395	2.1309	2.1294	2.1315	2.1281
462	Maldives	1.9875	1.9926	1.9874	1.9766	1.9754	1.9762	1.9755	1.9709	1.9801	1.9833	1.9834	1.9858	1.9923	1.9905	1.9954	1.9983
524	Nepal	2.0257	1.9997	1.9789	1.9601	1.9451	1.936	1.9315	1.9281	1.9318	1.9329	1.9392	1.9408	1.9463	1.9504	1.9568	1.9582
586	Pakistan	3.5298	3.3981	3.2467	3.1179	3.0168	2.9116	2.839	2.7528	2.6894	2.6055	2.545	2.4838	2.4235	2.3725	2.3217	2.2783
144	Sri Lanka	2.3535	2.336	2.3009	2.2654	2.2296	2.2016	2.1719	2.148	2.1269	2.1173	2.1002	2.0863	2.0738	2.0675	2.0623	2.0626
906	Eastern Asia	1.767	1.8228	1.8679	1.8896	1.9159	1.9321	1.9398	1.9553	1.967	1.9745	1.9778	1.9819	1.9892	1.9968	1.9983	2.0108
156	China	1.8231	1.8734	1.9084	1.9284	1.9517	1.9641	1.9738	1.9868	1.9963	2.0055	2.0061	2.0117	2.02	2.0263	2.0281	2.0403
344	China, Hong Kong SAR	1.538	1.6503	1.7244	1.7883	1.829	1.8606	1.8917	1.9127	1.9273	1.9489	1.965	1.9766	1.9799	1.9911	1.9951	2.0007
446	China, Macao SAR	1.4265	1.5459	1.6368	1.7007	1.7586	1.7996	1.8326	1.8636	1.8873	1.9083	1.9233	1.9316	1.9486	1.9566	1.9627	1.9727
158	China, Taiwan Province of China	1.3687	1.4908	1.584	1.652	1.7104	1.7569	1.7935	1.824	1.8468	1.8667	1.8847	1.8994	1.9114	1.9224	1.9323	1.9451
408	Dem. People's Republic of Korea	2.0677	2.0739	2.067	2.061	2.0528	2.0445	2.0346	2.0295	2.0299	2.0181	2.0174	2.0179	2.0134	2.016	2.0123	2.0121
392	Japan	1.4911	1.5704	1.6442	1.6994	1.7459	1.7793	1.806	1.8297	1.8542	1.8733	1.8888	1.9001	1.9122	1.9237	1.9355	1.9419
496	Mongolia	2.8926	2.8491	2.8012	2.7552	2.7146	2.6724	2.6331	2.599	2.5608	2.5339	2.5025	2.4715	2.4484	2.417	2.4005	2.3723
410	Republic of Korea	1.2519	1.3676	1.4672	1.5437	1.6101	1.6626	1.7051	1.7459	1.7799	1.8113	1.8355	1.8593	1.8773	1.8891	1.8951	1.9087
920	South-Eastern Asia	2.2804	2.2602	2.215	2.1712	2.1426	2.1267	2.1049	2.0774	2.0548	2.0366	2.0225	2.0131	2.0067	2.0039	1.998	1.9958
96	Brunei Darussalam	1.9623	1.9616	1.9522	1.9452	1.9343	1.9311	1.9326	1.9359	1.9349	1.9383	1.9441	1.9486	1.9583	1.9612	1.96	1.9665
116	Cambodia	2.6402	2.6152	2.5786	2.5241	2.4781	2.4433	2.3871	2.3343	2.2916	2.2481	2.2212	2.1917	2.159	2.1305	2.1082	2.096
360	Indonesia	2.4499	2.4278	2.3742	2.3334	2.2953	2.2601	2.2262	2.201	2.1731	2.1488	2.1358	2.1206	2.1116	2.1017	2.091	2.0831
418	Lao People's Democratic Republic	2.7293	2.6218	2.5391	2.4408	2.3704	2.3005	2.2384	2.1844	2.1474	2.1147	2.0909	2.0701	2.062	2.052	2.0452	2.037
458	Malaysia	2.1374	2.1268	2.1079	2.0826	2.0685	2.0491	2.0348	2.0188	2.0075	2.0041	2.003	1.9996	2.004	2.0052	2.0057	2.0038
104	Myanmar	2.2977	2.2724	2.2418	2.201	2.1678	2.1333	2.1073	2.089	2.0683	2.0601	2.0458	2.041	2.0336	2.0318	2.0293	2.0242
608	Philippines	2.6937	2.6735	2.6313	2.5852	2.532	2.4928	2.43	2.3839	2.3258	2.2871	2.2527	2.2071	2.1669	2.1402	2.1164	2.1013
702	Singapore	1.3665	1.44	1.5022	1.5521	1.5927	1.6307	1.6649	1.6954	1.7169	1.7388	1.7581	1.7737	1.7903	1.8029	1.8153	1.8308
764	Thailand	1.6563	1.7009	1.7322	1.7658	1.7857	1.8069	1.8257	1.8476	1.8697	1.8821	1.8931	1.9062	1.9168	1.931	1.942	1.9501
626	Timor-Leste	3.9198	3.6468	3.4148	3.22	3.065	2.9391	2.824	2.7265	2.6399	2.5698	2.4907	2.4222	2.3527	2.3027	2.2651	2.2258
704	Viet Nam	2.1366	2.1541	2.1597	2.1647	2.1612	2.1658	2.1692	2.1666	2.1676	2.1732	2.1717	2.1691	2.1682	2.1622	2.1634	2.1629
915	Caribbean	2.2642	2.2309	2.2094	2.1864	2.1585	2.1407	2.1156	2.0894	2.0742	2.0597	2.0395	2.0265	2.0204	2.0047	2.001	1.9904
28	Antigua and Barbuda	2.1634	2.1589	2.1457	2.1312	2.1124	2.0992	2.0857	2.076	2.0703	2.068	2.055	2.055	2.0461	2.0448	2.0513	2.0471
533	Aruba	2.0025	2.0302	2.051	2.0622	2.0706	2.0744	2.0814	2.0851	2.0845	2.0849	2.0866	2.0953	2.0902	2.0927	2.0984	2.0975
44	Bahamas	1.9116	1.9367	1.9358	1.9399	1.9467	1.955	1.9514	1.9542	1.9566	1.9577	1.9661	1.9672	1.9733	1.9741	1.9802	1.9814
52	Barbados	1.7588	1.811	1.8501	1.877	1.8991	1.915	1.9306	1.9464	1.9522	1.96	1.968	1.9741	1.9776	1.9815	1.9831	1.9896
192	Cuba	1.7678	1.8075	1.8289	1.8472	1.8639	1.881	1.8984	1.9022	1.9169	1.9247	1.9325	1.9393	1.9435	1.9537	1.9618	1.9727
531	Curacao	1.9227	1.9409	1.9525	1.9559	1.9592	1.9694	1.9705	1.9779	1.9797	1.9864	1.9949	1.9962	1.9976	2.0067	2.0102	2.0058
214	Dominican Republic	2.464	2.4273	2.3682	2.3083	2.2635	2.2087	2.1703	2.1408	2.1142	2.0981	2.0803	2.0719	2.0652	2.0571	2.0469	2.0438
308	Grenada	2.1927	2.1781	2.1478	2.1222	2.0945	2.0764	2.0574	2.0447	2.0385	2.0322	2.0223	2.0199	2.0241	2.0216	2.0222	2.0205
312	Guadeloupe	2.3153	2.2889	2.2611	2.2226	2.1981	2.18	2.1611	2.1485	2.1326	2.1208	2.1178	2.1064	2.104	2.0957	2.0924	2.0858
332	Haiti	3.0112	2.926	2.8414	2.7676	2.6911	2.6157	2.5453	2.4784	2.4218	2.3686	2.3062	2.2557	2.2223	2.1869	2.1601	2.1287
388	Jamaica	2.1286	2.1244	2.0981	2.0771	2.0616	2.0515	2.0377	2.0235	2.0247	2.0209	2.0221	2.0222	2.0174	2.0204	2.021	2.0225
474	Martinique	2.0317	2.0414	2.0342	2.0297	2.0263	2.0259	2.0228	2.0211	2.019	2.0192	2.0254	2.0245	2.0229	2.0211	2.0229	2.0235
630	Puerto Rico	1.3562	1.4522	1.5309	1.5903	1.6495	1.6985	1.7326	1.765	1.7942	1.8197	1.8445	1.8631	1.8761	1.8907	1.9044	1.9171
662	Saint Lucia	1.5752	1.625	1.6671	1.7008	1.7337	1.7639	1.7921	1.8143	1.8358	1.8528	1.8715	1.8864	1.8928	1.908	1.9188	1.9227
670	Saint Vincent and the Grenadines	2.0208	2.023	2.0064	1.9899	1.9864	1.9772	1.9704	1.9695	1.9719	1.9726	1.9818	1.984	1.9824	1.9866	1.99	1.9902
780	Trinidad and Tobago	1.8743	1.8992	1.9009	1.9113	1.9158	1.9221	1.9248	1.9355	1.947	1.9505	1.959	1.9589	1.966	1.9738	1.9739	1.9782
850	United States Virgin Islands	2.1829	2.1772	2.1516	2.1268	2.1083	2.0949	2.0846	2.0826	2.0723	2.0624	2.0614	2.0572	2.0503	2.0492	2.0483	2.0445
916	Central America	2.2996	2.2556	2.2092	2.1534	2.1141	2.0837	2.0617	2.0405	2.0276	2.0174	2.0059	1.9969	1.9921	1.9857	1.9804	1.9797
84	Belize	2.4263	2.3868	2.3443	2.2882	2.2368	2.1922	2.1613	2.1264	2.0994	2.0716	2.0548	2.0365	2.0263	2.026	2.0212	2.0135
188	Costa Rica	1.8832	1.8997	1.9095	1.9088	1.9147	1.921	1.9247	1.9321	1.9383	1.9445	1.9529	1.9611	1.9635	1.9668	1.9671	1.9699
222	El Salvador	2.1807	2.1654	2.1324	2.1038	2.0696	2.0439	2.0224	2.0169	2.0068	1.9951	1.9829	1.979	1.9817	1.9805	1.9812	1.9826
320	Guatemala	2.9453	2.8642	2.7889	2.7046	2.6334	2.5664	2.5147	2.447	2.3955	2.3429	2.3011	2.2599	2.2259	2.1973	2.1625	2.1318
340	Honduras	2.5691	2.5224	2.4625	2.3943	2.3305	2.2815	2.2319	2.191	2.1519	2.1186	2.0903	2.0683	2.055	2.0433	2.0336	2.0266
484	Mexico	2.2458	2.2239	2.1884	2.1435	2.1113	2.0836	2.0624	2.05	2.0437	2.0387	2.0284	2.0247	2.0219	2.0191	2.0202	2.0202
558	Nicaragua	2.5141	2.4765	2.4167	2.3538	2.3053	2.2535	2.204	2.1646	2.134	2.1093	2.095	2.0884	2.074	2.0622	2.0571	2.0584
591	Panama	2.5994	2.592	2.5544	2.4991	2.4528	2.3964	2.356	2.3157	2.2776	2.2356	2.2086	2.1798	2.1505	2.1409	2.1258	2.1137
931	South America	2.0276	2.0233	2.0046	1.9847	1.9701	1.9657	1.9519	1.942	1.9361	1.9309	1.9293	1.927	1.9242	1.9208	1.9234	1.926
32	Argentina	2.4224	2.4165	2.3936	2.3759	2.3429	2.3173	2.2891	2.2513	2.2303	2.2013	2.1826	2.1586	2.1439	2.1328	2.1162	2.1046
68	Bolivia (Plurinational State of)	2.8349	2.7923	2.7345	2.6801	2.6278	2.5731	2.5202	2.4828	2.432	2.3813	2.3283	2.288	2.2533	2.2099	2.1803	2.1496
76	Brazil	1.8693	1.8852	1.8897	1.8887	1.8875	1.8939	1.893	1.8973	1.9087	1.9231	1.9279	1.9339	1.9426	1.9437	1.9524	1.9527
152	Chile	1.7962	1.828	1.8462	1.8576	1.877	1.8844	1.891	1.9028	1.9105	1.922	1.9288	1.9344	1.9479	1.9506	1.9564	1.9616
170	Colombia	1.9297	1.9389	1.9397	1.9289	1.9186	1.9301	1.9296	1.9312	1.9349	1.9427	1.9465	1.9543	1.9578	1.9652	1.9699	1.9804
218	Ecuador	2.5555	2.5289	2.4871	2.441	2.3878	2.3389	2.2862	2.2447	2.193	2.1675	2.138	2.1155	2.0985	2.0829	2.0661	2.0632
254	French Guiana	3.4628	3.4011	3.3264	3.2483	3.1868	3.1207	3.0602	3.0163	2.9622	2.928	2.8762	2.8278	2.781	2.7378	2.6924	2.6477
328	Guyana	2.6009	2.5889	2.5505	2.4954	2.448	2.3971	2.3519	2.305	2.2662	2.2295	2.2022	2.1814	2.162	2.1404	2.1244	2.1153
600	Paraguay	2.5643	2.548	2.5185	2.4736	2.4269	2.3918	2.3518	2.3093	2.2704	2.2267	2.1935	2.1674	2.1411	2.1072	2.0927	2.0774
604	Peru	2.3901	2.3649	2.3199	2.2774	2.2305	2.1896	2.1559	2.1222	2.1037	2.0836	2.0677	2.0517	2.0451	2.0305	2.0268	2.0239
740	Suriname	2.5452	2.5256	2.4823	2.4265	2.3739	2.3246	2.2864	2.2451	2.2133	2.1881	2.1676	2.1459	2.1264	2.1028	2.0936	2.0829
858	Uruguay	2.1334	2.1403	2.1254	2.1125	2.0977	2.0921	2.0791	2.0684	2.0595	2.0576	2.05	2.0531	2.046	2.0484	2.0458	2.0406
862	Venezuela (Bolivarian Republic of)	2.4103	2.4017	2.3571	2.3155	2.2659	2.2232	2.1913	2.1615	2.1326	2.1113	2.1029	2.0747	2.0655	2.0568	2.0472	2.0472
36	Australia	1.988	2.001	2.0041	1.9984	2.0027	2.0003	1.9992	1.9997	1.9967	1.9987	2.0021	2.0022	2.0034	2.0015	2.0069	2.0066
554	New Zealand	2.0572	2.0648	2.0566	2.0509	2.0432	2.0311	2.0219	2.0234	2.0192	2.0163	2.0125	2.0121	2.0059	2.0049	2.0113	2.0102
928	Melanesia	3.5751	3.5005	3.4178	3.3209	3.2246	3.1498	3.0792	3.0041	2.9495	2.8948	2.8358	2.786	2.722	2.6718	2.6237	2.5878
242	Fiji	2.9002	2.8637	2.8197	2.7684	2.7051	2.6553	2.5903	2.5251	2.4681	2.4168	2.3769	2.3194	2.2821	2.254	2.2179	2.187
540	New Caledonia	2.1126	2.107	2.0965	2.0796	2.0657	2.0542	2.0382	2.0325	2.0303	2.0286	2.0261	2.0174	2.0232	2.0264	2.0233	2.0224
598	Papua New Guinea	3.6606	3.5804	3.4965	3.3918	3.3074	3.231	3.1574	3.0878	3.0289	2.9717	2.9018	2.8576	2.7975	2.7482	2.7092	2.6618
90	Solomon Islands	4.433	4.3013	4.1419	3.9987	3.8652	3.7407	3.6379	3.5294	3.4427	3.3477	3.2676	3.191	3.1214	3.0655	2.9887	2.9374
548	Vanuatu	3.9143	3.8461	3.7633	3.6871	3.5959	3.5254	3.4616	3.3942	3.3236	3.2555	3.1875	3.1175	3.0734	3.0158	2.9635	2.9257
954	Micronesia	2.8594	2.7717	2.6703	2.5728	2.5234	2.4944	2.4601	2.4147	2.3651	2.3399	2.3216	2.3196	2.3031	2.2833	2.2772	2.2608
316	Guam	2.4627	2.442	2.4142	2.3701	2.3292	2.2949	2.2624	2.2387	2.2082	2.1853	2.1649	2.1464	2.1364	2.1234	2.1114	2.0972
296	Kiribati	3.6906	3.6412	3.5641	3.4803	3.4045	3.3473	3.2723	3.2066	3.1399	3.0841	3.03	2.9764	2.9276	2.8844	2.8368	2.7865
583	Micronesia (Fed. States of)	3.1388	3.0673	2.991	2.9032	2.8248	2.7621	2.7025	2.6442	2.5776	2.5277	2.4647	2.4128	2.3654	2.3032	2.2535	2.2253
957	Polynesia	2.7991	2.7686	2.7308	2.6984	2.6717	2.633	2.5817	2.5463	2.5135	2.4941	2.4622	2.4372	2.3987	2.3707	2.348	2.3224
258	French Polynesia	2.0929	2.0914	2.0758	2.0647	2.0339	2.0198	2.0117	2.0041	1.9939	1.9922	1.9901	1.9859	1.9846	1.9891	1.9879	1.9817
882	Samoa	3.9671	3.8799	3.774	3.6618	3.5591	3.4687	3.3737	3.3054	3.2166	3.1432	3.0619	3.0047	2.9399	2.8743	2.8228	2.759
776	Tonga	3.6767	3.6182	3.54	3.4554	3.3714	3.2984	3.2233	3.168	3.0997	3.0379	2.9776	2.9107	2.856	2.8159	2.7518	2.7076
923	Eastern Europe	1.7604	1.8073	1.8409	1.8727	1.8994	1.9181	1.9321	1.9425	1.9524	1.9625	1.97	1.9774	1.9858	1.99	1.9937	1.9987
112	Belarus	1.8577	1.9073	1.9439	1.9664	1.9874	2.0003	2.0113	2.0235	2.0319	2.0369	2.0405	2.0417	2.0494	2.0528	2.0533	2.0516
100	Bulgaria	1.7306	1.8053	1.8529	1.8864	1.9128	1.9306	1.9461	1.9659	1.9768	1.9845	1.9907	1.9955	2.0018	2.0058	2.0086	2.0123
203	Czechia	1.8015	1.8666	1.9116	1.942	1.9621	1.9757	1.9923	2.002	2.0094	2.0194	2.0197	2.0261	2.0351	2.0369	2.0397	2.0415
348	Hungary	1.6615	1.7396	1.7923	1.837	1.8702	1.8941	1.9156	1.936	1.9525	1.9599	1.9712	1.9792	1.9863	1.9944	1.9993	2.0087
616	Poland	1.586	1.6691	1.727	1.7712	1.8118	1.8446	1.87	1.8849	1.9007	1.9128	1.9292	1.9341	1.9496	1.9556	1.961	1.9656
498	Republic of Moldova	1.436	1.5295	1.6051	1.6628	1.7109	1.7484	1.7816	1.8137	1.8355	1.8534	1.8743	1.8888	1.9078	1.9128	1.9225	1.9373
642	Romania	1.7691	1.8311	1.8645	1.896	1.9225	1.9409	1.9509	1.9658	1.9766	1.9822	1.9902	1.995	2.0026	2.0101	2.0152	2.0195
643	Russian Federation	1.9473	1.9888	2.014	2.032	2.0456	2.0576	2.0644	2.0702	2.0749	2.0795	2.0852	2.0858	2.0871	2.0921	2.0876	2.0878
703	Slovakia	1.6745	1.7515	1.8088	1.852	1.8809	1.9064	1.9259	1.9425	1.959	1.9645	1.9796	1.9841	1.9986	2.0012	2.0058	2.0052
804	Ukraine	1.5596	1.6323	1.6998	1.7523	1.7906	1.8238	1.8481	1.8698	1.8842	1.907	1.9149	1.933	1.943	1.9493	1.9553	1.9614
924	Northern Europe	1.835	1.8633	1.8835	1.897	1.9113	1.9216	1.9302	1.936	1.9402	1.941	1.9504	1.9522	1.9579	1.9556	1.9606	1.9663
830	Channel Islands	1.6562	1.7223	1.7726	1.8073	1.8361	1.8601	1.8781	1.8903	1.9114	1.9207	1.932	1.9415	1.9446	1.9507	1.9588	1.9627
208	Denmark	1.8894	1.9294	1.9557	1.9737	1.9869	1.9995	2.0014	2.0055	2.0188	2.0202	2.0227	2.0228	2.0214	2.0233	2.0307	2.0311
233	Estonia	1.7567	1.8235	1.866	1.8982	1.9208	1.9416	1.9553	1.9652	1.9776	1.9802	1.9859	1.995	1.9986	2.0038	2.0022	2.0005
246	Finland	1.54	1.5885	1.6674	1.7223	1.766	1.797	1.8224	1.8402	1.8633	1.8739	1.8861	1.895	1.9016	1.916	1.9192	1.9307
352	Iceland	1.9166	1.9426	1.9491	1.9537	1.9489	1.9525	1.9578	1.9597	1.9666	1.9683	1.9683	1.9757	1.9747	1.9825	1.985	1.9887
372	Ireland	1.994	2.0074	1.9966	1.9955	1.9868	1.9862	1.9835	1.9813	1.9748	1.9769	1.9802	1.9788	1.9782	1.9859	1.9848	1.9881
428	Latvia	1.862	1.9114	1.9432	1.9704	1.99	2.0054	2.0171	2.0219	2.0311	2.0348	2.04	2.0442	2.0475	2.0479	2.0531	2.0579
440	Lithuania	1.8218	1.879	1.9198	1.9456	1.972	1.9862	1.9986	2.0104	2.0214	2.0232	2.0269	2.0321	2.0382	2.0376	2.0405	2.0424
578	Norway	1.8176	1.8693	1.8997	1.9269	1.9405	1.9543	1.9653	1.9748	1.9819	1.9853	1.9892	1.9956	1.997	2.0013	1.9999	2.0084
752	Sweden	1.9666	1.999	2.0212	2.036	2.0482	2.0524	2.0629	2.0638	2.0708	2.0733	2.0758	2.0748	2.075	2.0774	2.0826	2.0875
826	United Kingdom	1.8699	1.9107	1.9354	1.9517	1.9653	1.9734	1.9814	1.99	1.9908	1.9985	2.0027	2.0054	2.0126	2.0112	2.0147	2.0149
925	Southern Europe	1.4449	1.4924	1.5513	1.6051	1.6494	1.6876	1.7162	1.7367	1.7572	1.7736	1.7903	1.8058	1.8212	1.8319	1.842	1.8527
8	Albania	1.7424	1.7714	1.7832	1.8005	1.8191	1.8309	1.8495	1.8638	1.8764	1.8851	1.8943	1.9088	1.9218	1.9276	1.9418	1.9426
70	Bosnia and Herzegovina	1.4014	1.4917	1.5591	1.6098	1.6617	1.7094	1.7447	1.7752	1.8041	1.8297	1.8475	1.8697	1.8864	1.9046	1.9182	1.9294
191	Croatia	1.5954	1.6574	1.7047	1.7435	1.7723	1.8057	1.8301	1.8522	1.8695	1.8834	1.8987	1.9097	1.9218	1.9315	1.9415	1.9501
300	Greece	1.4429	1.5333	1.5985	1.6498	1.6987	1.7393	1.7733	1.8046	1.8203	1.8488	1.862	1.8867	1.8966	1.9123	1.9177	1.933
380	Italy	1.4204	1.4932	1.5754	1.6358	1.6836	1.724	1.7518	1.7854	1.8031	1.8214	1.8405	1.8574	1.8728	1.8835	1.8997	1.9062
470	Malta	1.6314	1.7139	1.7776	1.8204	1.85	1.8761	1.9011	1.9192	1.936	1.9496	1.9599	1.9708	1.9819	1.9868	1.9954	1.9994
499	Montenegro	1.87	1.9026	1.9271	1.9413	1.9472	1.9631	1.9691	1.9757	1.9808	1.9845	1.9911	1.9919	1.9955	2.0019	2.0052	2.0075
807	North Macedonia	1.6558	1.7105	1.7479	1.7772	1.8039	1.8275	1.8456	1.8664	1.8758	1.8906	1.908	1.9103	1.9218	1.9325	1.9396	1.9469
620	Portugal	1.4786	1.5766	1.6486	1.7001	1.7469	1.7853	1.8156	1.839	1.8578	1.8779	1.895	1.9095	1.9194	1.9271	1.941	1.943
688	Serbia	1.611	1.6725	1.7149	1.7469	1.7803	1.8119	1.83	1.8558	1.8723	1.8869	1.8981	1.9083	1.9228	1.9305	1.9417	1.9466
705	Slovenia	1.7592	1.822	1.8694	1.903	1.9269	1.9432	1.9616	1.9726	1.9847	1.991	1.998	2.0045	2.007	2.0169	2.0193	2.0231
724	Spain	1.5132	1.6075	1.6741	1.7203	1.7611	1.7946	1.8229	1.8447	1.8657	1.8834	1.898	1.917	1.9274	1.9327	1.9449	1.9546
926	Western Europe	1.7906	1.8322	1.8659	1.8851	1.8949	1.9027	1.9183	1.9336	1.9407	1.9526	1.9514	1.9504	1.9554	1.9618	1.9637	1.9688
40	Austria	1.69	1.7593	1.8124	1.8496	1.8816	1.9026	1.9227	1.9395	1.9549	1.9624	1.9783	1.981	1.9864	1.9942	1.9987	1.9976
56	Belgium	1.8482	1.8909	1.922	1.9406	1.9614	1.9706	1.9803	1.9886	1.9962	2.0037	2.0119	2.0194	2.0195	2.0257	2.021	2.0267
250	France	1.9677	2.0011	2.023	2.0405	2.0434	2.0513	2.0568	2.0676	2.0699	2.0763	2.0813	2.0843	2.0823	2.0811	2.0839	2.0894
276	Germany	1.7311	1.7907	1.8366	1.8679	1.8922	1.9127	1.9334	1.9433	1.9584	1.9699	1.9762	1.9851	1.9935	1.9969	2.0005	2.0079
442	Luxembourg	1.5353	1.5955	1.6675	1.7219	1.7606	1.7959	1.8189	1.8382	1.8601	1.8764	1.8888	1.8954	1.9062	1.916	1.9215	1.9306
528	Netherlands	1.795	1.8491	1.8829	1.9073	1.9313	1.9419	1.954	1.9656	1.9763	1.9791	1.9914	1.9962	2.002	2.0063	2.0102	2.0072
756	Switzerland	1.6737	1.732	1.7758	1.8076	1.8381	1.8601	1.8795	1.8956	1.9035	1.9249	1.93	1.9428	1.9509	1.9632	1.9682	1.97
124	Canada	1.6771	1.7281	1.7652	1.795	1.8203	1.8463	1.8629	1.8803	1.8955	1.9077	1.913	1.9278	1.9384	1.9444	1.956	1.9585
840	United States of America	1.9037	1.95	1.9762	1.9958	2.0079	2.0241	2.0376	2.0437	2.0516	2.0573	2.057	2.063	2.0709	2.073	2.0763	2.0768
